,Sno.,Proposal No.,File No.,Project Name,Company,Proposal Status,Project Type,View
1,1,SIA/BR/MIN/34641/2019,,Hasuaha Ghat on Burhi Gandak River,VINAY  KUMAR,Pending at PP due to eds,EC,
2,2,SIA/BR/MIN/31801/2019,,"Sand mining project at Terahrasia ghat on Ganga river over an area of 24 ha in dist. Vaishali, Bihar",BANSHIDHAR CONSTRUCTION PRIVATE LIMITED,Delisted,EC,
3,3,SIA/BR/MIN/138623/2020,,"BRICK EARTH MINING PROJECT FOR MAUZA HARLOCHANPUR, SARAIRANJAN, SAMASTIPUR, AREA 3.00 Ac, 1.21 Ha",M/S BHAGWATI BRICKS PROP PANKAJ KUMAR JHA,Delisted,EC,
4,4,SIA/BR/MIN/167383/2020,,BRICK EARTH MINING PROJECT FOR M/S BIHAR INT UDYOG UNIT I MAUZA HASANPUR PIPRA ARWAL AREA 2.54 Ac,M/S BIHAR INT UDYOG UNIT I PROP MD MANWER ALAM,Delisted,EC,
5,5,SIA/BR/MIN/33741/2019,,Pipra Balu Ghat,VINAY  KUMAR,Pending at PP due to eds,EC,
6,6,SIA/BR/MIN/41913/2019,,Proposed Sand Mining Project of Area 1.40 Ha at Rampurwa- Banjaria Ghat on Gandak River of District-Gopalganj of State-Bihar,MR KAMAKHYA MISHRA,Pending at PP due to eds,EC,
7,7,SIA/BR/MIS/116429/2019,,"Proposed Residential Building “Geetanjali Vatika Green City Phase- 3” at Plot No.- 06, 30, Mauza - Ilahibagh, Thana- Gopalpur, District- Patna, Bihar",GEETANJALI VATIKA PRIVATE LIMITED,Delisted,EC,
8,8,SIA/BR/MIN/129865/2019,,Sand Mining Project at  Gmhariya  Sand Ghat (4.70 Ha.) on Baghmati riverbed in Sitamarhi district of Bihar,NAVEENKUMAR SITAMARHI,Delisted,EC,
9,9,SIA/BR/MIN/130764/2019,,"Asurar (Khasra No. 1150, 1100,1097,1078,982,958, 956,894)  brick earth (soil) mining project.",M/S BHARAT-INT UDYOG,Delisted,EC,
10,10,SIA/BR/MIN/31033/2019,SIA/1(a)/622/19,"Sand mining project at Trikaul ghat on Son river in district Bhjpur, Bihar",BROADSON COMODITIES PVT LTD,EC Granted,EC,
1,11,SIA/BR/MIN/136612/2020,,"PAKRI DAYAL BALU GHAT (BURHI GANDAK  RIVER) , APPLICANT- MR. VINAY KUMAR, AREA- 1.00 HA, PLOT NO.- 3512, VILL.- JAGATIYA TOLA, P.O.+TEHSIL- PAKRI DAYAL, DIST.- EAST CHAMPARAN, BIHAR","MOTIHARI SAND DEPOSIT OF EAST CHAMPARAN, BIHAR,  APPLICANT- SHRI VINAY KUMAR",Delisted,EC,
2,12,SIA/BR/MIN/136625/2020,,"Brick Earth Mining Project at Village- Sidhari, P.O- Ishipur, P.S- Barahat, Anchal- Pirpainti, District- Bhagalpur (Bihar)",M/S J.M.A BRICKS,Delisted,EC,
3,13,SIA/BR/MIN/57079/2015,SIA/1(a)/1260/2020,Mining of Stone at Mirzapur Block-1 By M/s Sainik Food Pvt. Ltd.,M/S SAINIK FOOD PVT. LTD.,EC Granted,EC,
4,14,SIA/BR/MIN/51625/2020,,Final EIA report of Jamui Kiul 6 Balu ghat,ATIK ENTERPRISES,Delisted,EC,
5,15,SIA/BR/MIN/142752/2020,,"Dumra (Khasra/Plot(s) No. 4740, 2407, 4241, 2461, 4279, 4284, 4289, 4288, 4293, 4294, 4295, 4297, 4303, 2617, 3936, 3671 & 3601) soil brick mining project.",M/S MAHAN INT. UDYOG,Delisted,EC,
6,16,SIA/BR/MIN/17387/2015,,Proposed Sand Mining Project of Area 5.0 Ha at Jagiritola Malahi  Ghat on Gandak River of District-Gopalganj of State-Bihar.,MR KAMAKHYA MISHRA,EC Granted,EC,
7,17,SIA/BR/MIS/228225/2021,SIA/8(a)/1529/2021,Proposed Mall cum Residential Building “Golden Tower / Residency” by Concicon Construction Pvt. Ltd.,CONCICON CONSTRUCTION PVT. LTD.,EC Granted,EC,
8,18,SIA/BR/MIS/226298/2021,,"Proposed  Expansion  Residential Building    “Star  Galaxy”  at Mauza-Simlimurarpur, Khata No. 89,  Khesra No. 1574 (Part), 1579 & 1580 (Part), 1581,  1594 & 1595, Dist - Patna, Bihar By M/s Sai Shree  Balajee Homes Pvt. Ltd.",M/S SAI SHREE BALAJEE HOMES PVT. LTD.,WithdrawEC,EC,
9,19,SIA/BR/MIN/133715/2019,,"Proposed Brick Earth Mining Project of Area 4.74Acres or 1.91 Hectare for M/s Shiv Shankar Int Udyog at Mauza-Gorakhari, P.O- Gorakhari, P.S – Bikram, Block- Bikram, District- Patna, State – Bihar",M/S SHIV SHANKAR INT UDYOG,Delisted,EC,
10,20,SIA/BR/MIS/96989/2019,SIA/8(a)/694/19,PROPOSED BRIDGE CONSTRUCTION PROJECT,EE NH DIVISION MG SETU PATNA,Rejection Letter Granted,EC,
1,21,SIA/BR/MIN/167779/2020,,Brick Clay Mining Project,N.B.F. BRICKS,Delisted,EC,
2,22,SIA/BR/MIN/133565/2019,,"Proposed Brick Earth Mining Project of Area 3.12 Acres or 1.26 Hectare for M/S VIP Bricks Company at Village- Madhopur, Tehsil- Bakhtiyarpur, P.S + Anchal- Bakhtiyarpur, District- Patna, State- Bihar.",M/S VIPBRICKSCOMPANY,Delisted,EC,
3,23,SIA/BR/MIS/115168/2019,SIA/8(a)/692/19,"SHRI RAM JANAKI MEDICAL COLLEGE & HOSPITAL AT SAMASTIPUR,  (BIHAR)",DEPARTMENT OF HEALTH GOVERMENT OF BIHAR,EC Granted,EC,
4,24,SIA/BR/MIN/41878/2019,,Proposed Sand Mining Project of Area 5.0 Ha at Sapahiya Khas (Bishwambharpur) Ghat on Gandak River of District- Gopalganj of State-Bihar.,MR KAMAKHYA MISHRA,Pending at PP due to eds,EC,
5,25,SIA/BR/MIN/30927/2019,SIA/1(a)/547/18,Gurdih Sand Ghat Mining Project of area 18.5 Ha District Lakhisarai Bihar on Kiul River,WESTLINK TRADING PRIVATE LIMITED,EC Granted,EC,
6,26,SIA/BR/MIN/30937/2019,SIA/1(a)/550/18,Rampur ghat sand mining project of area 23.5 ha of district Lakhisarai on river Kiul,WESTLINK TRADING PRIVATE LIMITED,EC Granted,EC,
7,27,SIA/BR/MIN/156340/2020,,"The proposed Soil mining is at Village- Gothauli, Post- Son Nagar, P.S- Barun, District- Aurangabad (Bihar).",M/S JHAJHARIA - GALVANO - MAXWELL (JV),Delisted,EC,
8,28,SIA/BR/MIN/143885/2020,,BRICK EARTH MINING PROJECT M/S BHARAT EET UDYOG MAUZA RAMPUR SAIDPUR RUNNI RUNNI SAIDPUR SITAMARHI AREA 2.52,M/S BHARAT EET UDYOG RPOP MERAJ KHAN AREA 2.52,Delisted,EC,
9,29,SIA/BR/MIN/143912/2020,,"Brick Earth Mining Project at Village- Chehal Mudera, P.O- Ghareya, P.S- Atri, District- Gaya(Bihar)",M/S- AMAR BRICKS,Delisted,EC,
10,30,SIA/BR/MIN/141164/2020,,"Brick Earth Mining Project at Mauza- Nabani, P.O- Nabani, P.S- Jhanjharpur, District- Madhubani (Bihar)",M/S- JAGDAMBA INT UDYOG,Delisted,EC,
1,31,SIA/BR/MIN/130953/2019,,"Bhanachak (Gata No. 598,600,601,602, 603,568,561,606,564) brick earth (soil) mining project.",M/S KUSHWAHA BRICKS INDUSTRIES,Delisted,EC,
2,32,SIA/BR/MIN/134596/2020,,"Bhagipatti, Jhil & Suksenva Bhawaniray M/S. SAI BABA ETT UDYOG  Earth Mining Project, Thana  No-484 & 486,Khata No- 280, 74 & 08. Plot No.1336, 1338, 43, 93, 91, & 276. Area 1.25 HA (3.09Ac)    For pr",M/S SAI BABA ETT UDYOG PROP- ALOK KUMAR GUPTA,Delisted,EC,
3,33,SIA/BR/MIN/30890/2019,SIA/1(a)/648/19,"sand mining project on Masaurha ghat on Son river over an area of 24.8 ha in district Patna, Bihar",BROADSON COMODITIES PVT LTD,EC Granted,EC,
4,34,SIA/BR/MIN/130616/2019,,"Brick Earth Mining Project at Village- Laro, P.O- Dema, P.S- Mohanpur, District- Gaya(Bihar).",M/S S.G.S INT UDYOG,Delisted,EC,
5,35,SIA/BR/MIN/130748/2019,,"Brick Earth Mining Project of Area 3.61 Acres or 1.46 Hectare for M/S Pankaj Int Udyog at Mauza/Vill- Bilari, P.O- Bilari, P.S + Block- Katarisarai, District- Nalanda, State- Bihar",M/S PANKAJ INT UDYOG,Delisted,EC,
6,36,SIA/BR/MIN/131976/2019,,"M/S BHAWANI BRICKS Production Capacity 4657.33 TPA, Area 1.11 Ha (2.75 Ac) Village- Chak Monije Plot No.- 158, 159 & 160, Khata No.-  38, 39 & 40, Revenue Thana No.- 05 under Ramtari Gram Panchayat, P",M/S BHAWANI BRICKS PROP:- GAJENDRA KUMAR,Delisted,EC,
7,37,SIA/BR/MIN/131881/2019,,M/s Vijay Int. Udyog,M/S VIJAY UDYOG (BARUN KUMAR),Delisted,EC,
8,38,SIA/BR/MIN/34680/2019,,Proposed Sand Mining Project of area 5.0 ha at Naokothi Ghat on Gandak River of District- Begusarai of State- Bihar,RADHA SWAMI AUTOMOBILES,Pending at PP due to eds,EC,
9,39,SIA/BR/MIN/137280/2020,,"BRICK EARTH MINING PROJECT FOR M/S P.M. INT UDYOG MAUZA- BHAGWANPUR, THAWE, GOPLAGANJ, AREA- 2.54 Ac, 1.03","M/S. P.M. INT UDYOG, PROP- RANJAN KUMAR SINGH",Delisted,EC,
10,40,SIA/BR/MIN/137337/2020,,"BRICK EARTH MINING PROJECT FOR M/S JANTA INT UDYOG, MAUZA HIMATPUR, MANJHAGARH, DISTRICT GOPALGANJ, AREA 2.66 Ac, 1.07","M/S. JANTA INT UDYOG, PROP- MNOJ KUMAR",Delisted,EC,
1,41,SIA/BR/MIN/33784/2019,,Proposed Sand Mining Project of Area 4.60 Ha at Niyazipur Ghat  on Ganga River of District-Buxar of State-Bihar.,MS KATYAYNI CONTRACTORS PRIVATE LIMITED,Pending at PP due to eds,EC,
2,42,SIA/BR/MIN/34061/2019,,Koriyapatti Sand Ghat on Sursar River,SUJEET KUMAR,Pending at PP due to eds,EC,
3,43,SIA/BR/MIN/31424/2019,SIA/1(a)/638/19,"Sand mining project at Fatehpur ghat -1 in district Sahar, Bhojpur, Bihar",BROADSON COMODITIES PVT LTD,EC Granted,EC,
4,44,SIA/BR/MIN/129814/2019,,"Proposed Brick Earth Mining Project of Area 3.00 Acres or 1.21 Hectare for M/s Radha Bricks at Vill: Sukumarpur, P.O- Jafrabad, P.S- Raghopur, District- Vaishali, State- Bihar",M/S RADHA BRICKS,Delisted,EC,
5,45,SIA/BR/MIN/131978/2019,,Proposed Brick Earth Mining,MS HARI INT UDYOG,Delisted,EC,
6,46,SIA/BR/IND/66800/2019,,Birla Corporation Ltd.,M/S BIRLA CORPORATION LIMITED,Delisted,EC,
7,47,SIA/BR/MIN/41782/2019,,Proposed Sand Mining Project of area 4.20 ha at Mohanpur Ghat on Gandak River of District- Begusarai of State-Bihar,RADHA SWAMI AUTOMOBILES,Pending at PP due to eds,EC,
8,48,SIA/BR/MIN/30922/2019,SIA/1(a)/548/18,Garhi Bisanpur Sand Ghat Mining Project of Area 24.0 Ha District Lakhisarai Bihar on Kiul River.,WESTLINK TRADING PRIVATE LIMITED,EC Granted,EC,
9,49,SIA/BR/MIN/30936/2019,SIA/1(a)/619/19,"Sand mining project on Dhana Nisarpura ghat on Son river over an area of 24.5 ha in district Patna, Bihar",BROADSON COMODITIES PVT LTD,EC Granted,EC,
10,50,SIA/BR/MIN/162276/2020,,BRICK EARTH MINING PROJECT FOR M/S KRANTI BRICKS MAUZA KUSRE KARPI ARWAL AREA 2.43 Ac 0.98 Ha,BRICK EARTH MINING PROJECT FOR M/S KRANTI BRICKS PROP RAM VINAY SINGH,Delisted,EC,
1,51,SIA/BR/MIN/41487/2019,,Proposed Sand Mining Project of area 4.80 ha at Chak Ghat on Ganga River of District- Begusarai of State-Bihar.,RADHA SWAMI AUTOMOBILES,Pending at PP due to eds,EC,
2,52,SIA/BR/MIN/41881/2019,,Proposed Sand Mining Project of area 5.0 ha at Madharapur Bholanath Ghat on Ganga River of District- Begusarai of State- Bihar,RADHA SWAMI AUTOMOBILES,Pending at PP due to eds,EC,
3,53,SIA/BR/MIN/41912/2019,,Proposed Sand Mining Project of Area 2.50 Ha at Batardeh Jokaha  Ghat on Gandak River of District-Gopalganj of State-Bihar.,MR KAMAKHYA MISHRA,Pending at PP due to eds,EC,
4,54,SIA/BR/MIN/177291/2020,,M/s R.S.S.S.K.S. Bricks,R.S.S.S.K.S. BRICKS,Delisted,EC,
5,55,SIA/BR/MIN/149155/2020,,ORDINARY CLAY MINING PROJECT FOR BSCPL INFRASTRUCTURE LTD MAUZA GHASIAN,BSCPL INFRASTRUCTURE LTD MAUZA GHASIAN AREA 12.35 AC,Delisted,EC,
6,56,SIA/BR/MIN/149185/2020,,ORDINARY CLAY MINING PROJECT FOR BSCPL INFRASTRUCTURE LTD,BSCPL INFRASTRUCTURE LTD MAUZA DIGHARI & HARDIYA AREA 12.35,Delisted,EC,
7,57,SIA/BR/MIN/149173/2020,,M/s Badal Int Udyog,M/S BADAL INT UDYOG,Delisted,EC,
8,58,SIA/BR/MIN/138011/2020,,"ORDINARY CLAY MINING PROJECT FOR SAINITU CONSTRUCTION PVT. LTD. MAUZA PILKHI RAJGIR NALANDA AREA 11.52 Ac, 4.66 Ha",SAINITU CONSTRUCTION PVT. LTD. DIRECTOR KANHAIYA KUMAR,Delisted,EC,
9,59,SIA/BR/MIN/167200/2020,,ORDINARY CLAY MINING PROJECT FOR BSCPL INFRASTRUCTURE LTD MAUZA RAHIYAR KAUNCHI,BSCPL INFRASTRUCTURE LTD MAZUA RAHIYAR KUANCHI,Delisted,EC,
10,60,SIA/BR/MIN/33646/2019,,Mohanpur Sand Ghat on Mahani River,KATYAYNI CONTRACTORS PVT. LTD.,Pending at PP due to eds,EC,
1,61,SIA/BR/MIN/138248/2020,,"BRICK EARTH MINING PROJECT FOR MAUZA  MALTI, ASTHAWAN DISTRICT NALANDA AREA 2.95 Ac 1.19 Ha",M/S M.J.D. INT UDYOG PROP DHARMENDRA KUMAR.,Delisted,EC,
2,62,SIA/BR/MIN/138178/2020,,"BRICK EARTH MINING PROJECT FOR MAUZA MANDACHH, TELHARA, EKANGARSARAI, DISTRICT NALANDA, AREA 3.33 Ac 1.34 Ha",M/S SHUBHAM INT UDYOG PROP RAVI RANJAN KUMAR NIRALA,Delisted,EC,
3,63,SIA/BR/MIN/35003/2019,,"Report of Brick Earth Mining Project of Area 3.32 Acres or 1.34 Hectare for M/s  Radha Bricks at Mauza- Saidpur, P.O- Karauta, P.S- Salimpur, Block- Bakhtiyarpur, District-  Patna,  State- Bihar",RADHA BRICKS,Pending at PP due to eds,EC,
4,64,SIA/BR/MIN/131128/2019,,"Proposed Brick Earth Mining Project of Area 3.00 Acres or 1.21 Hectare for M/S Ambika (Radha) Bricks at Vill- Benipur, P.O – Karauta, P.S- Salimpur, Block- Bakhtiyarpur District- Patna, State – Bihar",M/S AMBIKA (RADHA) BRICKS,Delisted,EC,
5,65,SIA/BR/MIN/143696/2020,,M/s VIP Int Bhatha Udyog,M/S VIP INT BHATHA UDYOG,Delisted,EC,
6,66,SIA/BR/MIN/144010/2020,,ORDINARY CLAY MINING PROJECT FOR BSCPL INFRASTRUCTURE LTD,BSCPL INFRASTRUCTURE LTD MAUZA SUKHASAN AREA 12.34 AC,Delisted,EC,
7,67,SIA/BR/MIN/41076/2019,SIA/1(a)/579/18,Parsa Sand Ghat,WESTLINK TRADING PRIVATE LIMITED,EC Granted,EC,
8,68,SIA/BR/MIN/30958/2019,SIA/1(a)/557/18,Kalyanpur Sand Ghat,WESTLINK TRADING PRIVATE LIMITED,EC Granted,EC,
9,69,SIA/BR/MIN/177291/2020,,M/s R.S.S.S.K.S. Bricks,R.S.S.S.K.S. BRICKS,Delisted,EC,
10,70,SIA/BR/MIN/31456/2019,SIA/1(a)/645/19,"Sand mining project at Sarimpur Bachri Ghat on Son river in district Bhojpur, Bihar",BROADSON COMODITIES PVT LTD,EC Granted,EC,
1,71,SIA/BR/MIN/31517/2019,SIA/1(a)/626/19,"Sand mining project on Mustafapur ghat on Son river over an area of 23,5 ha in district Patna, Bihar",BROADSON COMODITIES PVT LTD,EC Granted,EC,
2,72,SIA/BR/MIN/30884/2019,SIA/1(a)/636/19,"Sand mining project at Muhammadpur ghat on Son river over an area of 24.7 ha in district Patna, Bihar",BROADSON COMODITIES PVT LTD,EC Granted,EC,
3,73,SIA/BR/MIN/31520/2019,SIA/1(a)/646/19,"sand mining project on Deddour ghat on Ganga river over an area of 23 ha in district Patna, Bihar",BROADSON COMODITIES PVT LTD,Delisted,EC,
4,74,SIA/BR/MIN/35775/2019,,"Brick Earth Soil Project at Mauza- Mauzipur (Daulatpur), P.O- Gadho Chak, P.S- Fatuha, District- Patna (Bihar).",PAWAN BRICKS INDUSTRIES,Pending at PP due to eds,EC,
5,75,SIA/BR/IND/26138/2018,,Kamper Concast ltd,KAMPER CONCAST LIMITED,EC Granted,EC,
6,76,SIA/BR/MIN/143885/2020,,BRICK EARTH MINING PROJECT M/S BHARAT EET UDYOG MAUZA RAMPUR SAIDPUR RUNNI RUNNI SAIDPUR SITAMARHI AREA 2.52,M/S BHARAT EET UDYOG RPOP MERAJ KHAN AREA 2.52,Delisted,EC,
7,77,SIA/BR/MIN/143912/2020,,"Brick Earth Mining Project at Village- Chehal Mudera, P.O- Ghareya, P.S- Atri, District- Gaya(Bihar)",M/S- AMAR BRICKS,Delisted,EC,
8,78,SIA/BR/MIN/141164/2020,,"Brick Earth Mining Project at Mauza- Nabani, P.O- Nabani, P.S- Jhanjharpur, District- Madhubani (Bihar)",M/S- JAGDAMBA INT UDYOG,Delisted,EC,
9,79,SIA/BR/MIN/133565/2019,,"Proposed Brick Earth Mining Project of Area 3.12 Acres or 1.26 Hectare for M/S VIP Bricks Company at Village- Madhopur, Tehsil- Bakhtiyarpur, P.S + Anchal- Bakhtiyarpur, District- Patna, State- Bihar.",M/S VIPBRICKSCOMPANY,Delisted,EC,
10,80,SIA/BR/MIN/34464/2019,,Barnawa Sand Ghat on Burhi Gandak River,VINAY  KUMAR,Pending at PP due to eds,EC,
1,81,SIA/BR/MIS/116429/2019,,"Proposed Residential Building “Geetanjali Vatika Green City Phase- 3” at Plot No.- 06, 30, Mauza - Ilahibagh, Thana- Gopalpur, District- Patna, Bihar",GEETANJALI VATIKA PRIVATE LIMITED,Delisted,EC,
2,82,SIA/BR/MIS/121529/2019,SIA/8(a)/695/19,Ashiyana Green City (Phase-2),ASHIANA CREATORS PRIVATE LIMITED,EC Granted,EC,
3,83,SIA/BR/IND/73390/2021,SIA/3(a)/1849/2021,M/s Tejas Iron & Steel Pvt. Ltd.,M/S TEJAS IRON & STEEL PVT. LTD.,EC Granted,EC,
4,84,SIA/BR/MIN/34641/2019,,Hasuaha Ghat on Burhi Gandak River,VINAY  KUMAR,Pending at PP due to eds,EC,
5,85,SIA/BR/MIN/31801/2019,,"Sand mining project at Terahrasia ghat on Ganga river over an area of 24 ha in dist. Vaishali, Bihar",BANSHIDHAR CONSTRUCTION PRIVATE LIMITED,Delisted,EC,
6,86,SIA/BR/MIN/138623/2020,,"BRICK EARTH MINING PROJECT FOR MAUZA HARLOCHANPUR, SARAIRANJAN, SAMASTIPUR, AREA 3.00 Ac, 1.21 Ha",M/S BHAGWATI BRICKS PROP PANKAJ KUMAR JHA,Delisted,EC,
7,87,SIA/BR/MIS/168496/2020,,Upgradation of Regional Institute of Ophthalmology (RIO) under Pradhan Mantri Swasthaya Suraksha Yojana (PMSSY) Phase- V (B) at IGIMS,INDIRA GANDHI INSTITUTE OF MEDICAL SCIENCES,Delisted,EC,
8,88,SIA/BR/MIS/169085/2020,SIA/7(g)/1281/2021,"Passenger Ropeway at  Dungeshwari, Bodhgaya District. Gaya, Bihar.",DEPARTMENT OF TOURISM GOVT OF BIHAR,EC Granted,EC,
9,89,SIA/BR/MIN/131323/2019,,"Makardahi M/S –Prince Bricks Earth Mining Project,Mauza-Makardahi,ThanaNo. 559,KhataNo.-9& 110,PlotNo.-418 & 419,For Production Capacity –7132.86TPA,Area 3.78Ac(1.53 Ha), P.S.+Circle Barauni,District­",M/S PRINCE BRICKS RAJESH KUMAR SINGH,Delisted,EC,
10,90,SIA/BR/MIN/128868/2019,,"Proposed Brick Earth Mining Project of Area 3.28 Acres or 1.33 Hectare M/s Kindo Infra Pvt. Ltd. at Mauza- Pearpura, P.O- Nagla Kinjar, P.S- Khiri More, Block- Paliganj, District- Patna, State- Bihar",M/S KINDO INFRA PVT. LTD,Delisted,EC,
1,91,SIA/BR/MIN/135282/2020,,"Proposed Brick Earth Mining Project of Area 3.35 Acres or 1.36 Hectare for M/s Mahan Bricks at Village- Lodipur, P.S + Block- Manner, District- Patna, State- Bihar.",MS MAHAN BRICKS,Delisted,EC,
2,92,SIA/BR/MIN/135725/2020,,"CHHAWRA DANO - PIPRA BALU GHAT (TIYAR RIVER), APPLICANT- MR. VINAY KUMAR, AREA- 1.00 HA.,  KHATA NO.- 37, PLOT NO.- 241, 242; DIST.- EAST CHAMPARAN","MOTIHARI SAND DEPOSIT OF EAST CHAMPARAN, BIHAR,  APPLICANT- SHRI VINAY KUMAR",Delisted,EC,
3,93,SIA/BR/IND/49750/2019,,Indira Paper Mill Pvt. Ltd. (IPMPL),INDIRA PAPER MILL PVT LTD,Pending at PP due to eds,EC,
4,94,SIA/BR/MIN/154091/2020,,Brick Clay Mining for M/s M.G Contractors Pvt. Ltd,M/S JHAJHARIA GALVANO MAXWELL(JV),Delisted,EC,
5,95,SIA/BR/MIN/133320/2019,,"Brick Earth Mining Project at Village- Moujipur, P.O- Fatuha, P.S - Fatuha, District-Patna(Bihar)",M/S- RADHA BRICKS MANUFACTURING COMPANY,Delisted,EC,
6,96,SIA/BR/IND/37807/2017,,M/s Rock Hill Hi-Tech Cement Pvt. Ltd.,ROCK HILL HITECH CEMENT PVT LTD,Delisted,EC,
7,97,SIA/BR/MIN/139756/2020,,ORDINARY CLAY MINING PROJECT FOR BSCPL INFRASTRUTURE LTD. MAUZA DIGHARI MANSI CHAUTHAM KHAGARIA,BSCPL INFRASTRUCTURE LTD. MAUZA DIGHARI AREA 11.00 AC,Delisted,EC,
8,98,SIA/BR/MIN/128507/2019,,"Brick Earth Mining Project of Area 1.21 Ha or 3.00 Acres M/s AH Bricks at Mauza- Chhatu Bathua, P.S + Block- Phulwaria, District- Gopalganj, State- Bihar",MS AH BRICKS,Delisted,EC,
9,99,SIA/BR/MIN/31423/2019,SIA/1(a)/635/19,"Sand mining project on Chilhauns ghat -1 on Son river in district- Bhojpur, Bihar",BROADSON COMODITIES PVT LTD,EC Granted,EC,
10,100,SIA/BR/MIN/36385/2019,,"Vill- Bhelu Bigha, P.O- Orro, P.S + Block- Hisua, Dist:- Nawada, State- Bihar.",MS SONA BRICKS WORKS,Pending at PP due to eds,EC,
1,101,SIA/BR/MIN/126496/2019,,Brick Earth Mining Project for M/S Rahi Int Udyog,M/S RAHI INT UDYOG,Delisted,EC,
2,102,SIA/BR/MIS/106801/2019,SIA/8(a)/690/19,Proposed Samaharnalaya Bhawan Complex,"BUILDING CONSTRUCTION DEPARTMENT, GOVERNMENT OF BIHAR",EC Granted,EC,
3,103,SIA/BR/MIN/30932/2019,SIA/1(a)/541/18,"Khairi Sand Ghat Mining Project of Area 21.0 ha of Lakhisarai District, Bihar on Kiul River",WESTLINK TRADING PRIVATE LIMITED,EC Granted,EC,
4,104,SIA/BR/MIS/203410/2021,,M/s Bailey Properties Pvt. Ltd & PS Group Realty Pvt. Ltd.,BAILEY PROPERTIES PVT LTD,Delisted,EC,
5,105,SIA/BR/IND/18661/2017,,SHIVSHIVA STEEL PVT LTD,SHIVSHIVA STEEL PVT LTD,Delisted,EC,
6,106,SIA/BR/MIN/134167/2019,,"Jirwa M/S. DURGA INT UDYOG  Earth Mining Project, Thana No-207, Khata No. 2009, 2496 &  1386. Plot No. 12019, 11452, 12062, & 12052 Area 1.47 HA (3.65Ac) For production capacity 6853.14  TPA, .Mauza-",M/S DURGA INT UDYOG PROP- RINA BHARATI,Delisted,EC,
7,107,SIA/BR/MIN/134615/2020,,"Brick Earth Mining Project at Village- Baijnathpur, P.O- Chandwar, P.S- Aurai, District- Muzaffarpur (Bihar)",M/S JALPA JI INT UDYOG,Delisted,EC,
8,108,SIA/BR/MIN/59077/2020,,Balu Ghat Mining Project (Patna Son 2 Balu Ghat),SHRI BIJENDRA   SINGH,Pending at PP due to eds,EC,
9,109,SIA/BR/MIN/33033/2019,,Proposed Sand Mining Project of Area  5.0 Ha  at  Sapahiya Khas  (Bishwambharpur) Ghat  on Gandak River of District- Gopalganj  of State- Bihar,MR KAMAKHYA MISHRA,Pending at PP due to eds,EC,
10,110,SIA/BR/MIN/33247/2019,,Proposed Sand Mining Project of Area 3.5 Ha at Rajwahi Yadavpur  Ghat on Gandak River of District-Gopalganj of State-Bihar,MR KAMAKHYA MISHRA,Pending at PP due to eds,EC,
1,111,SIA/BR/MIN/129442/2019,,"Brick Earth Mining Project of Area 1.51 Hectare Or 3.73 Acre M/s Star Int Bhatta at Vill : Tenua, Mauza- Kurari, P.S- Karamchat Block- Rampur, District- Kaimur, State- Bihar",MS STAR INT BHATTA,Delisted,EC,
2,112,SIA/BR/MIN/177291/2020,,M/s R.S.S.S.K.S. Bricks,R.S.S.S.K.S. BRICKS,Delisted,EC,
3,113,SIA/BR/MIN/31456/2019,SIA/1(a)/645/19,"Sand mining project at Sarimpur Bachri Ghat on Son river in district Bhojpur, Bihar",BROADSON COMODITIES PVT LTD,EC Granted,EC,
4,114,SIA/BR/MIN/130602/2019,,"Fatehpur  M/S –Maa Bricks Earth Mining Project ,Mauza- Fatehpur,tana no-25, khata no.-149,908,169 &788. Plot no.-1023, 1020,1061,1062&1053,Area-2.85Ac (1.15ha.)For production capacity5361.30TPA,P.S-Di",M\S MAA BRICKS PROPONENT VINDA RAY,Delisted,EC,
5,115,SIA/BR/MIN/153144/2020,,"Brick Clay Mining Village- Anjanwan, P.O- Madanpur, P.S- Madanpur, District- Aurangabad (Bihar).",USHA BRICKS ENTERPRISES,Delisted,EC,
6,116,SIA/BR/MIS/269976/2022,Please submit scrutiny fee,“Medical & Allied Sciences Campus” (KK Medical College & Hospital) A Unit of Samajik Kalyan Sanstha,SAMAJIK KALYAN SANSTHA,EDS Under SEIAA,EC,
7,117,SIA/BR/MIN/31029/2019,SIA/1(a)/621/19,"Sand mining project at Imadpur ghat on Son river in district Bhojpur, Bihar",BROADSON COMODITIES PVT LTD,EC Granted,EC,
8,118,SIA/BR/MIN/31546/2019,SIA/1(a)/630/19,"Sand mining project at Mekra ghat over an area of 22 ha in district Patna, Bihar",BROADSON COMODITIES PVT LTD,Rejection Letter Granted,EC,
9,119,SIA/BR/MIN/41436/2019,SIA/1(a)/615/19,Darha & Bharari Sand Ghat,WESTLINK TRADING PRIVATE LIMITED,EC Granted,EC,
10,120,SIA/BR/MIN/136224/2020,,"BRICK EARTH MINING PROJECT FOR M/S C.B.M. BRICKS, MAUZA- DAULATPUR, ATHMALGOLA, PATNA, AREA- 2.50 Ac, 1.01 Ha","M/S. C. B. M. BRICKS, PROP- PRAMOD KUMAR",Delisted,EC,
1,121,SIA/BR/MIN/188249/2020,,BSCPL INFRASTRUCTURE LTD AREA 1.61AC,BSCPL INFRASTRUCTURE LTD AREA 1.61 AC,Delisted,EC,
2,122,SIA/BR/MIN/49347/2020,Please upload approved mining plan.,,MS BALAJIENTERPRISES,Delisted,EC,
3,123,SIA/BR/MIN/30949/2019,,"Balio sand ghat mining project of district Jamui, Bihar over an area of 23 ha",WESTLINK TRADING PRIVATE LIMITED,Delisted,EC,
4,124,SIA/BR/MIN/177291/2020,,M/s R.S.S.S.K.S. Bricks,R.S.S.S.K.S. BRICKS,Delisted,EC,
5,125,SIA/BR/MIN/143696/2020,,M/s VIP Int Bhatha Udyog,M/S VIP INT BHATHA UDYOG,Delisted,EC,
6,126,SIA/BR/MIN/144010/2020,,ORDINARY CLAY MINING PROJECT FOR BSCPL INFRASTRUCTURE LTD,BSCPL INFRASTRUCTURE LTD MAUZA SUKHASAN AREA 12.34 AC,Delisted,EC,
7,127,SIA/BR/MIN/41436/2019,SIA/1(a)/615/19,Darha & Bharari Sand Ghat,WESTLINK TRADING PRIVATE LIMITED,EC Granted,EC,
8,128,SIA/BR/MIN/146906/2020,,ORDINARY CLAY MINING PROJECT FOR BSCPL INFRASTRUCTURE LTD,BSCPL INFRASTRUCTURE LTD MAUZA CHHARAPATTI AREA 5.65 AC,Delisted,EC,
9,129,SIA/BR/MIN/146717/2020,,"soil mining at Village- Gangajal Tola, Post- Sonpur, P.s.- Sonpur, District- Saran (Bihar).",M/S SINGLA CONSTRUCTION PVT. LTD,Delisted,EC,
10,130,SIA/BR/MIN/35003/2019,,"Report of Brick Earth Mining Project of Area 3.32 Acres or 1.34 Hectare for M/s  Radha Bricks at Mauza- Saidpur, P.O- Karauta, P.S- Salimpur, Block- Bakhtiyarpur, District-  Patna,  State- Bihar",RADHA BRICKS,Pending at PP due to eds,EC,
1,131,SIA/BR/MIN/136066/2020,,"Brick Earth Mining Project at Mauza- Chanda, P.O- Dhibra, P.S- Dhibra, Anchal- Dev, District- Aurangabad(Bihar)",M/S- K.S.B BRICKS,Delisted,EC,
2,132,SIA/BR/MIN/148955/2020,,BRICKS EARTH MINING PROJECT FOR M/S BABA BRICKS MAUZA APHAUR KHAIRA Op NAGRA SARAN AREA 2.58 Ac,M/S BABA BRICKS PROP JAI PRAKASH MISHRA AREA 2.58,Delisted,EC,
3,133,SIA/BR/MIN/149374/2020,,ORDINARY CLAY MINING PROJECT FOR BSCPL INFRASTRUCTURE LTD MAUZA BALHA,BSCPL INFRASTRUCTURE LTD MAUZA BALHA AREA 9.33 AC,Delisted,EC,
4,134,SIA/BR/MIN/34602/2019,,Sugauli & Chand Parsa Balu Ghat on Burhi Gandak River,VINAY  KUMAR,Delisted,EC,
5,135,SIA/BR/MIN/132402/2019,,M/s Manoj Bricks,M/S MANOJ BRICKS (MANOJ KUMAR),Delisted,EC,
6,136,SIA/BR/MIN/132230/2019,,"M/S INDIA  BRICKS, For Production Capacity -5034.96 TPA, Area-1.08ha (2.68Ac), Thana no-127, Khata no-64,66,72,88&94. Plot no.-238 ,242 , 243 ,244 ,254 ,199 ,198 ,218 ,217 , 178 ,206&208. Rupaspur, P.",M/S INDIA BRICKS RAJEEV KUMAR,Delisted,EC,
7,137,SIA/BR/MIN/153195/2020,,"Brick Clay Mining Mauza/ Village- Madardih, P.O- Wajirganj, P.S- Wajirganj , District- Gaya (Bihar).",M/S- RADHA BRICKS,Delisted,EC,
8,138,SIA/BR/MIN/128609/2019,,"Proposed Brick Earth Mining Project of Area 1.25 Hectare Or 3.08 Acer M/S Vinay Int Udyog at Vill- Sirauna, P.O- Neura, P.S- Bhairoganj, Block- Bagaha-1, District-West Champaran, State- Bihar",M/S VINAY INT UDYOG,Delisted,EC,
9,139,SIA/BR/IND/32752/2018,SIA/3(a)/532/18,Kamper Concast Ltd,KAMPER CONCAST LIMITED,Delisted,EC,
10,140,SIA/BR/MIN/138815/2020,,ORDINAY CLAY MINING PROJECT FOR BSCPL INFRASTRUCTURE LTD MAUZA BALHA MANSI KHAGARIA,BSCPL INFRASTRUCTURE LTD. MAUZA BALHA AREA 11.95 AC 4.83,Delisted,EC,
1,141,SIA/BR/MIS/53022/2019,SIA/8(b)/696/19,"Redevelopment of  Patna Medical College & Hospital (PMCH)  Patna, Bihar",PMCH,EC Granted,EC,
2,142,SIA/BR/MIN/132402/2019,,M/s Manoj Bricks,M/S MANOJ BRICKS (MANOJ KUMAR),Delisted,EC,
3,143,SIA/BR/MIN/132230/2019,,"M/S INDIA  BRICKS, For Production Capacity -5034.96 TPA, Area-1.08ha (2.68Ac), Thana no-127, Khata no-64,66,72,88&94. Plot no.-238 ,242 , 243 ,244 ,254 ,199 ,198 ,218 ,217 , 178 ,206&208. Rupaspur, P.",M/S INDIA BRICKS RAJEEV KUMAR,Delisted,EC,
4,144,SIA/BR/MIS/121345/2019,SIA/8(a)/698/19,"Proposed Group Housing “Rose Valley” at Plot No.-370, 371, 372 and 380, Mauza- Nasirpur Tajpur, Thana- Didarganj, District- Patna, Bihar",MS ASHIRWAD ENGICON PRIVATE LIMITED,EC Granted,EC,
5,145,SIA/BR/MIN/138826/2020,,"Ordinary clay bscpl infrastructure mauza khirniya , mansi, Khagaria",BSCPL INFRASTRUCTURE LTD. MAUZA KHIRNIYA AREA 12.21 AC 4.94 HA,Delisted,EC,
6,146,SIA/BR/MIN/33784/2019,,Proposed Sand Mining Project of Area 4.60 Ha at Niyazipur Ghat  on Ganga River of District-Buxar of State-Bihar.,MS KATYAYNI CONTRACTORS PRIVATE LIMITED,Pending at PP due to eds,EC,
7,147,SIA/BR/MIN/34061/2019,,Koriyapatti Sand Ghat on Sursar River,SUJEET KUMAR,Pending at PP due to eds,EC,
8,148,SIA/BR/MIS/169094/2020,SIA/7(g)/1280/2021,"Passenger Ropeway at Vanavar Hills, District. Jehanabad , Bihar",DEPARTMENT OF TOURISM GOVT OF BIHAR,EC Granted,EC,
9,149,SIA/BR/MIN/143960/2020,,ORDINARY CLAY MINING PROJECT FOR BSCPL INFRASTRUCTURE LTD,BSCPL INFRASTRUCTURE LTD MAUZA CHHATAUNI AREA 7.87 AC,Delisted,EC,
10,150,SIA/BR/MIN/148955/2020,,BRICKS EARTH MINING PROJECT FOR M/S BABA BRICKS MAUZA APHAUR KHAIRA Op NAGRA SARAN AREA 2.58 Ac,M/S BABA BRICKS PROP JAI PRAKASH MISHRA AREA 2.58,Delisted,EC,
1,151,SIA/BR/MIN/148472/2020,,"Proposed Brick Earth Mining Project of Area 4.08 Acres or 1.65 Hectare for M/S  Shree Kamalia Udyog  at Mauza- Hatho Chak, P.O- Bahadurpur, P.S + Block- Rajauli,   District- Nawada, State - Bihar",M/S SHREE KAMALIA UDYOG,Delisted,EC,
2,152,SIA/BR/MIS/240428/2021,SIA/8(b)/1712/2021,IOB Galaxy II,MS ASHIRWAD ENGICON PRIVATE LIMITED,Delisted,EC,
3,153,SIA/BR/MIN/31517/2019,SIA/1(a)/626/19,"Sand mining project on Mustafapur ghat on Son river over an area of 23,5 ha in district Patna, Bihar",BROADSON COMODITIES PVT LTD,EC Granted,EC,
4,154,SIA/BR/MIN/30884/2019,SIA/1(a)/636/19,"Sand mining project at Muhammadpur ghat on Son river over an area of 24.7 ha in district Patna, Bihar",BROADSON COMODITIES PVT LTD,EC Granted,EC,
5,155,SIA/BR/MIN/31520/2019,SIA/1(a)/646/19,"sand mining project on Deddour ghat on Ganga river over an area of 23 ha in district Patna, Bihar",BROADSON COMODITIES PVT LTD,Delisted,EC,
6,156,SIA/BR/MIN/157455/2020,,ORDINARY CLAY MINING PROJECT FOR BSCPL INFRASTRUCTURE LTD. MAUZA HATHWAN ALAULI KHAGARIA AREA 11.04,BSCPL INFRASTRUCTURE LTD MAUZA HATHWAN AREA 11.04 AC,Delisted,EC,
7,157,SIA/BR/MIN/134030/2019,,"Brick Earth Mining Project at Village- Jafra, P.O- Sarawe, P.S- Muffasil Siwan, Anchal- Siwan Sadar, District- Siwan (Bihar)",M/S- A.K.S ENT UDYOG,Delisted,EC,
8,158,SIA/BR/MIN/134252/2019,,"Brick Earth Mining Project of Area 3.00 Acres or 1.21 Hectare M/S RKJ BRICKS at Mauza- Jabdaul Asram Brindavan, P.S: Chanpatiya, District-West Champaran, State - Bihar",M/S RKJ BRICKS,Delisted,EC,
9,159,SIA/BR/MIN/31030/2019,SIA/1(a)/610/19,Raksha Oraiya Sand Ghat (Stretch 8 Block 1) Mining Project,WESTLINK TRADING PRIVATE LIMITED,EC Granted,EC,
10,160,SIA/BR/MIN/130279/2019,,Brick  Earth  Mining  Project  for  M/s  Raj  Int  Udyog,M/S RAJ INT UDYOG,Delisted,EC,
1,161,SIA/BR/MIN/41143/2019,SIA/1(a)/570/18,Charghara & Amba Sand Ghat Mining Project,WESTLINK TRADING PRIVATE LIMITED,EC Granted,EC,
2,162,SIA/BR/MIN/41189/2019,SIA/1(a)/580/18,Sair & Pandeydih Sand Ghat,WESTLINK TRADING PRIVATE LIMITED,EC Granted,EC,
3,163,SIA/BR/MIN/41270/2019,SIA/1(a)/561/18,Sono Sand Ghat,WESTLINK TRADING PRIVATE LIMITED,EC Granted,EC,
4,164,SIA/BR/MIS/59244/2020,SIA/8(b)/1270/2020,INDIRA GANDHI INSTITUTE OF MEDICALSCIENCES (IGIMS),IGIMS,EC Granted,EC,
5,165,SIA/BR/MIN/144006/2020,,ORDINARY CLAY MINING PROJECT FOR BSCPL INFRASTRUCTURE LTD,BSCPL INFRASTRUCTURE LTD MAUZA JAGMOHRA AREA 5.58 AC,Delisted,EC,
6,166,SIA/BR/MIN/144334/2020,,"Brick Earth Mining Project at Mauza- Konar, P.O- Garatol, P.S- Phulparas, District- Madhubani (Bihar)",M/S- CHANDAN INT UDYOG,Delisted,EC,
7,167,SIA/BR/MIN/144564/2020,,"Soil clay  Mine at Village- Panapur, P.O- Maniyarpur, P.S- Bidupur, District- Vaishali (Bihar)",M/S UTTAM CITY INFRA & SERVICES PVT. LTD.,Delisted,EC,
8,168,SIA/BR/MIS/230256/2021,SIA/8(a)/1592/2021,Proposed Commercial Cum Hotel Building by Kumar Infratrade Enterprises Pvt. Ltd.,KUMAR INFRATRADE ENTERPRISES PVT. LTD.,EC Granted,EC,
9,169,SIA/BR/MIN/33245/2019,,Proposed Sand Mining Project  of area 1.40 ha at Rampurwa-Banjaria Ghat on Gandak  River of District-Gopalganj  of State-Bihar,MR KAMAKHYA MISHRA,Pending at PP due to eds,EC,
10,170,SIA/BR/MIN/141027/2020,,ORDINARY CLAY MINING PROJECT FOR MAUZA HATHAURI HAYAGHAT BAHERI DARBHANGA AREA 9.87 Ac 3.99 Ha,BSCPL INFRASTRUCTURE LTD. MAUZA HATHAURI AREA 9.87 AC,Delisted,EC,
1,171,SIA/BR/MIN/130178/2019,,Brick Earth Mining Project for M/s A.R.L Bricks,BRICK  EARTH  MINING  PROJECT,Delisted,EC,
2,172,SIA/BR/MIN/33559/2019,,Amdaha Kalan Sand Ghat on Bagra River,KATYAYNI CONTRACTORS PVT. LTD.,Pending at PP due to eds,EC,
3,173,SIA/BR/MIN/33572/2019,,Parham Sand Ghat on Ganga River,KATYAYNI CONTRACTORS PVT. LTD.,Pending at PP due to eds,EC,
4,174,SIA/BR/MIN/33616/2019,,Choti Khoru Sand Ghat on Mahani River,KATYAYNI CONTRACTORS PVT. LTD.,Pending at PP due to eds,EC,
5,175,SIA/BR/MIN/34073/2019,,Dagmara Lalman Patti Sand Ghat on Koshi River,SUJEET KUMAR,Pending at PP due to eds,EC,
6,176,SIA/BR/MIN/34959/2019,,"Soil  Mining Project of Area 6.054 Acres or 2.45  Hectare  at Vill- Sisai, P.O-Bihra,    P.S-Saharsa, Block- Sattar Katiya, District- Saharsa, State- Bihar for M/s Radha Enterprises",RADHA ENTERPRISES,Pending at PP due to eds,EC,
7,177,SIA/BR/MIN/143885/2020,,BRICK EARTH MINING PROJECT M/S BHARAT EET UDYOG MAUZA RAMPUR SAIDPUR RUNNI RUNNI SAIDPUR SITAMARHI AREA 2.52,M/S BHARAT EET UDYOG RPOP MERAJ KHAN AREA 2.52,Delisted,EC,
8,178,SIA/BR/MIN/143912/2020,,"Brick Earth Mining Project at Village- Chehal Mudera, P.O- Ghareya, P.S- Atri, District- Gaya(Bihar)",M/S- AMAR BRICKS,Delisted,EC,
9,179,SIA/BR/MIN/141164/2020,,"Brick Earth Mining Project at Mauza- Nabani, P.O- Nabani, P.S- Jhanjharpur, District- Madhubani (Bihar)",M/S- JAGDAMBA INT UDYOG,Delisted,EC,
10,180,SIA/BR/MIS/175928/2020,SIA/8(a)/1261/2020,Upgradation of Regional Institute of Ophthalmology (RIO) under Pradhan Mantri Swasthaya Suraksha Yojana (PMSSY) Phase- V (B) at IGIMS,INDIRA GANDHI INSTITUTE OF MEDICAL SCIENCES,Rejection Letter Granted,EC,
1,181,SIA/BR/MIN/41912/2019,,Proposed Sand Mining Project of Area 2.50 Ha at Batardeh Jokaha  Ghat on Gandak River of District-Gopalganj of State-Bihar.,MR KAMAKHYA MISHRA,Pending at PP due to eds,EC,
2,182,SIA/BR/MIS/127441/2019,SIA/8(a)/699/19,IOB Galaxy Building,MS ASHIRWAD ENGICON PRIVATE LIMITED,EC Granted,EC,
3,183,SIA/BR/MIN/147677/2020,,"Brick Earth Mining Project of Area 3.00 Acres or 1.21 Hectare M/S Nutan Int Udyog at Mauza- Nimaithi, P.S-+ Block: Baheri District- Darbhanga, State – Bihar",M/S NUTAN INT UDYOG,Delisted,EC,
4,184,SIA/BR/MIS/168496/2020,,Upgradation of Regional Institute of Ophthalmology (RIO) under Pradhan Mantri Swasthaya Suraksha Yojana (PMSSY) Phase- V (B) at IGIMS,INDIRA GANDHI INSTITUTE OF MEDICAL SCIENCES,Delisted,EC,
5,185,SIA/BR/MIS/169085/2020,SIA/7(g)/1281/2021,"Passenger Ropeway at  Dungeshwari, Bodhgaya District. Gaya, Bihar.",DEPARTMENT OF TOURISM GOVT OF BIHAR,EC Granted,EC,
6,186,SIA/BR/MIN/134328/2019,,ASTHA  GOLD BRICKS,M/S ASTHA  GOLD BRICKS,Delisted,EC,
7,187,SIA/BR/MIN/134917/2020,,"Proposed Brick Earth Mining Project of Area 4.06 Acres or 1.64 Hectare for M/s Pihu Bricks at Mauza + P.O- Chaura, P.S: Daniawan, Block- Khushurupur, District- Patna, State- Bihar.",M/S PIHU BRICKS,Delisted,EC,
8,188,SIA/BR/MIN/134992/2020,,"BRICK EARTH MINING PROJECT FOR M/S. BHAWAN INT UDYOG, MAUZA- CHHATI, CIRCLE- DHANARUA, DISTRICT- PATNA, AREA- 2.54 Ac, 1.03 Ha",BHAWAN INT UDYOG  CHHATI,Delisted,EC,
9,189,SIA/BR/MIN/140949/2020,,ORDINARY CLAY MINING PROJECT FOR BSCPL INFRASTRUCTURE LTD,BSCPL INFRASTRUCTURE LTD MAUZA RANNA AREA 12.34 AC,Delisted,EC,
10,190,SIA/BR/MIN/31513/2019,SIA/1(a)/633/19,"Sand mining project at Bindaul ghat on Son river over an area of 24.8 ha in district Patna, Bihar",BROADSON COMODITIES PVT LTD,EC Granted,EC,
1,191,SIA/BR/MIS/226137/2021,SIA/8(a)/1654/2021,AVS Builders & Developers Pvt. Ltd.,A.V.S BUILDERS & DEVELOPERS PVT. LTD.,EC Granted,EC,
2,192,SIA/BR/MIN/34170/2019,,Rampur Dharampatti Sand Ghat on Tilawe   River,SUJEET KUMAR,Pending at PP due to eds,EC,
3,193,SIA/BR/MIN/34585/2019,,Proposed Sand Mining Project of area 4.90 ha at Kharahat Ghat on Ganga River of District- Begusarai of State-Bihar,RADHA SWAMI AUTOMOBILES,Pending at PP due to eds,EC,
4,194,SIA/BR/MIN/35026/2019,,Bara Balu Ghat on Burhi Gandak  River,VINAY  KUMAR,Delisted,EC,
5,195,SIA/BR/MIN/129177/2019,,"Proposed Brick Earth Mining Project of Area 2.41 Acres or 0.97 Hectare for M/s Maa Bricks Manufacturing at Village- Saraia Akopur, P.O- Sorampur, P.S- Phulwari Sharif, District- Patna, State- Bihar",M/S MAA BRICKS MANUFACTURING,Delisted,EC,
6,196,SIA/BR/MIN/137280/2020,,"BRICK EARTH MINING PROJECT FOR M/S P.M. INT UDYOG MAUZA- BHAGWANPUR, THAWE, GOPLAGANJ, AREA- 2.54 Ac, 1.03","M/S. P.M. INT UDYOG, PROP- RANJAN KUMAR SINGH",Delisted,EC,
7,197,SIA/BR/MIN/137337/2020,,"BRICK EARTH MINING PROJECT FOR M/S JANTA INT UDYOG, MAUZA HIMATPUR, MANJHAGARH, DISTRICT GOPALGANJ, AREA 2.66 Ac, 1.07","M/S. JANTA INT UDYOG, PROP- MNOJ KUMAR",Delisted,EC,
8,198,SIA/BR/MIN/136746/2020,,BRICK EARTH MINING PROJECT FOR M/S RADHE INT UDYOG AREA 3.25 AC 1.31 HA,RADHE INT UDYOG,Delisted,EC,
9,199,SIA/BR/MIN/32235/2019,SIA/1(a)/528/18,"Matokhar stone Mine at Village-Matokhar, Tehsil- Sheikhpura, District-Sheikhpura, Bihar",M/S SHRISTI DEVELOPERS PVT. LTD.,EC Granted,EC,
10,200,SIA/BR/MIN/140893/2020,,"Brick Earth Mining Project at village-Andauli, P.o-Andauli, P.s-Saksohra, Dist-Patna",M/S ARCHANA INT UDYOG,Delisted,EC,
1,201,SIA/BR/MIN/147671/2020,,"Proposed Brick Earth Mining Project of Area 4.53 Acres or 1.83 Hectare for M/s  Mahal Int Udyog at Mauza- Saraiya, P.O- Rajauli, P.S + Block- Rajauli, District- Nawada,  State- Bihar",M/S MAHAL INT  UDYOG,Delisted,EC,
2,202,SIA/BR/MIS/230256/2021,SIA/8(a)/1592/2021,Proposed Commercial Cum Hotel Building by Kumar Infratrade Enterprises Pvt. Ltd.,KUMAR INFRATRADE ENTERPRISES PVT. LTD.,EC Granted,EC,
3,203,SIA/BR/MIN/138886/2020,,"Brick Earth Mining Project at Village- Badauan, P.O- Dumri, P.S+Anchal- Fatehpur, District- Gaya(Bihar)",M/S- S.M.C EET UDYOG,Delisted,EC,
4,204,SIA/BR/MIN/139144/2020,,"Brick Earth Mining Project at Mauza- Kormathu, P.O- Kormathu, P.S- Men, Anchal-Belaganj, District- Gaya(Bihar)",M/S- S.K.V BRICKS,Delisted,EC,
5,205,SIA/BR/MIN/140069/2020,,Kalyanpur (Khasra/Plot(s) No. 121 & 98) soil brick mining project.,M/S BABA BAIDNATH BRICKS,Delisted,EC,
6,206,SIA/BR/MIN/140089/2020,,ORDINARY CLAY MINING PROJECT FOR BSCPL INFRASTRUCTURE LTD MAUZA KHIRNIYA,BSCPL INFRASTRUCTURE LTD. MAUZA KHIRNIYA AREA 12.21 AC 4.94 HA,Delisted,EC,
7,207,SIA/BR/MIN/132175/2019,,"DIHI M/S SHIV SHAKTI BRICKS  for Production Capacity 5734.26 TPA, Area - 3.04 Ac(l.23 Ha), Mauza- Dihi, Thana No- 120, Khata No.- 05 & 23. Plot No.- 1047, 1049, 292, 290, 1100, & 1102. P.S.- Khodawanp",M/S SHIV SHAKTI BRICKS PROP:-BISHWANATH,Delisted,EC,
8,208,SIA/BR/MIN/132362/2019,,"M/s. INDIA BRICKS Project, For Production Capacity – 4495.5 cum (or 6293.7 TPA), Area-1.35Ha  (3.34 Ac), Thana No.- 139, Khata No. 120 & 121. Plot No. 143, 158, 896 & 723. P.S. + Circle - Naubatpur, D",SUDAMA PRASAD,Delisted,EC,
9,209,SIA/BR/IND/50832/2020,,Balmukund Concast Pvt. Ltd. (BCPL),BALMUKUND CONCAST LIMITED,Delisted,EC,
10,210,SIA/BR/MIN/128622/2019,,M/S SWASTIK BRICKS,M/S SWASTIK BRICKS,Delisted,EC,
1,211,SIA/BR/MIN/35775/2019,,"Brick Earth Soil Project at Mauza- Mauzipur (Daulatpur), P.O- Gadho Chak, P.S- Fatuha, District- Patna (Bihar).",PAWAN BRICKS INDUSTRIES,Pending at PP due to eds,EC,
2,212,SIA/BR/IND/26138/2018,,Kamper Concast ltd,KAMPER CONCAST LIMITED,EC Granted,EC,
3,213,SIA/BR/MIN/167779/2020,,Brick Clay Mining Project,N.B.F. BRICKS,Delisted,EC,
4,214,SIA/BR/MIN/146884/2020,,ORDINARY CLAY MINING PROJECT FOR BSCPL INFRASTRUCTURE  LTD.,BSCPL INFRASTRUCTURE LTD MAUZA MADAR AREA 9.36 AC,Delisted,EC,
5,215,SIA/BR/MIN/146455/2020,,"Brick Earth Mining Project at Mauza- Shahpur, P.O- Daudpur, P.S - Shahpur, District- Patna(Bihar)",M/S PUJA BRICKS,Delisted,EC,
6,216,SIA/BR/MIN/148472/2020,,"Proposed Brick Earth Mining Project of Area 4.08 Acres or 1.65 Hectare for M/S  Shree Kamalia Udyog  at Mauza- Hatho Chak, P.O- Bahadurpur, P.S + Block- Rajauli,   District- Nawada, State - Bihar",M/S SHREE KAMALIA UDYOG,Delisted,EC,
7,217,SIA/BR/MIS/160113/2020,SIA/8(a)/1262/2020,Shrinivas medical College & Hospital,SHRINIVAS MEDICAL COLLEGE AND HOSPITAL,EC Granted,EC,
8,218,SIA/BR/MIS/256899/2022,SIA/8(a)/1911/2022,Winsome Realtors,WINSOME REALTORS,EC Granted,EC,
9,219,SIA/BR/MIN/49347/2020,,,MS BALAJIENTERPRISES,Pending at PP due to eds,EC,
10,220,SIA/BR/MIN/133565/2019,,"Proposed Brick Earth Mining Project of Area 3.12 Acres or 1.26 Hectare for M/S VIP Bricks Company at Village- Madhopur, Tehsil- Bakhtiyarpur, P.S + Anchal- Bakhtiyarpur, District- Patna, State- Bihar.",M/S VIPBRICKSCOMPANY,Delisted,EC,
1,221,SIA/BR/MIN/133320/2019,,"Brick Earth Mining Project at Village- Moujipur, P.O- Fatuha, P.S - Fatuha, District-Patna(Bihar)",M/S- RADHA BRICKS MANUFACTURING COMPANY,Delisted,EC,
2,222,SIA/BR/MIN/139756/2020,,ORDINARY CLAY MINING PROJECT FOR BSCPL INFRASTRUTURE LTD. MAUZA DIGHARI MANSI CHAUTHAM KHAGARIA,BSCPL INFRASTRUCTURE LTD. MAUZA DIGHARI AREA 11.00 AC,Delisted,EC,
3,223,SIA/BR/MIN/30933/2019,SIA/1(a)/549/18,"Nagardar Sand ghat Mining Project of area 23.50 of District Lakhisarai , Bihar On Kiul River",WESTLINK TRADING PRIVATE LIMITED,EC Granted,EC,
4,224,SIA/BR/MIN/59071/2020,,Balu Ghat Mining Project (Patna Son 1 Balu Ghat),SHRI BIJENDRA   SINGH,Pending at PP due to eds,EC,
5,225,SIA/BR/MIN/34325/2019,,Tilathi Sand Ghat on Mirchiyadhar River,SUJEET KUMAR,Pending at PP due to eds,EC,
6,226,SIA/BR/MIN/35049/2019,,"Brick Earth Mining Project of Area 3.22 Acres or 1.30 Hectare for M/s Maa  Tara Int Udyog at Mauza + P.O- Dobhwan, P.S + Block- Pandarakh, District- Patna, State-  Bihar",MAA TARA INT UDYOG,Pending at PP due to eds,EC,
7,227,SIA/BR/MIN/128330/2019,,M/s Subhash Bricks,M/S SUBHASH BRICKS,Delisted,EC,
8,228,SIA/BR/MIN/145793/2020,,BRICK EARTH MINING PROJECT FOR M/S PMB EET UDYOG MAUZA DUMRANWAN,M/S P M B EET UDYOG PROP SUVELAL PRASAD,Delisted,EC,
9,229,SIA/BR/MIN/33568/2019,,Danrihar Sand Ghat on Bagra River,KATYAYNI CONTRACTORS PVT. LTD.,Pending at PP due to eds,EC,
10,230,SIA/BR/MIN/33778/2019,,Proposed Sand Mining Project of Area 4.82 Ha at Ahirauli Ghat on Ganga River of District-Buxar of State-Bihar,MS KATYAYNI CONTRACTORS PRIVATE LIMITED,Pending at PP due to eds,EC,
1,231,SIA/BR/MIN/149286/2020,,ORDINARY CLAY MINING PROJECT FOR BSCPL INFRASTRUCTURE LTD MAZUA BARDAUNI,BSCPL INFRASTRUCTURE LTD MAUZA BARDAUNI AREA 12.32 AC,Delisted,EC,
2,232,SIA/BR/MIN/148853/2020,,"Brick Earth Mauza- Baijal Tetaria, P.O- Buniyadganj, P.S- Muffasil, District- Gaya(Bihar)",M/S DBC ENTERPRISES.,Delisted,EC,
3,233,SIA/BR/MIN/160331/2020,,ORDINARY CLAY MINING PROJECT FOR BSCPL INFRASTRUCTURE LTD MAUZA KAJIDUMRA,BSCPL INFRASTRUCTURE LTD MAUZA KAJIDUMRA AREA 12.01 AC,Delisted,EC,
4,234,SIA/BR/MIS/272191/2022,SIA/8(a)/2033/2022,Medical & Allied Sciences Campus (KK Medical College & Hospital) A Unit of Samajik Kalyan Sanstha,SAMAJIK KALYAN SANSTHA,EC Granted,EC,
5,235,SIA/BR/MIN/133250/2019,,"Report of Brick Earth Mining Project of Area 1.23 Hectare or 3.03 Acre M/s Maa Int Udyog at Vill/Mauza-Chhitauli, P.O-Laxmiganj, P.S + Block-Goreya Kothi, District-Siwan, State-Bihar.",M/S MAA INTUDYOG,Delisted,EC,
6,236,SIA/BR/MIN/140981/2020,,ORDINARY CLAY MINING PROJECT FOR MAUZA DHARAMPUR ROSERA SHIVAJI NAGAR SAMASTIPUR,BSCPL INFRASTRUCTURE LTD. MAUZA DHARAMPUR AREA 12.28 AC,Delisted,EC,
7,237,SIA/BR/MIN/140992/2020,,ORDINARY CLAY MINING PROJECT FOR BSCPL INFRASTRUCTURE LTD,BSCPL INFRASTRUCTURE LTD MAUZA KAJIDUMRA AREA 12.34 AC,Delisted,EC,
8,238,SIA/BR/MIN/141003/2020,,ORDINARY CLAY MINING PROJECT FOR MAUZA SHANKARPUR ROSERA SHIVAJI NAGAR SAMASTIPUR AREA 12.17 Ac 4.92 Ha,BSCPL INFRASTRUCTURE LTD. MAUZA SHANKARPUR AREA 12.17 AC,Delisted,EC,
9,239,SIA/BR/MIS/143516/2020,SIA/8(a)/991/2020,Government Medical College & Hospital Buxar at Dumraon  (Bihar),DEPARTMENT OF HEALTH GOVERMENT OF BIHAR,EC Granted,EC,
10,240,SIA/BR/MIN/131462/2019,,Ektansh Sri Engicon Pvt. Ltd.,EKTANSH SRI ENGICON PVT. LTD.,Delisted,EC,
1,241,SIA/BR/MIN/36422/2019,,"Proposed Brick Earth Mining Project of Area 3.50 Acres or 1.42 Hectare M/s A.B.C Int Udyog at Vill- Bagodar, P.O + P.S+ Block:-Hisua, Dist:-Nawada, State- Bihar.",MS ABC INT UDYOG,Pending at PP due to eds,EC,
2,242,SIA/BR/MIN/136215/2020,,"Brick Earth Mining Project at Mauza- Chanda, P.O- Dhibra, P.S- Dhibra, Anchal- Dev, District- Aurangabad(Bihar)",M/S SHIVSHAKTI INT UDYOG,Delisted,EC,
3,243,SIA/BR/MIN/136494/2020,,M/S B.M.W INT UDYOG,M/S- B.M.W INT UDYOG,Delisted,EC,
4,244,SIA/BR/MIN/136794/2020,,"Brick Earth Mining Project at Village- Rasalpur, P.O- Manpur, P.S- Mufassil, District- Gaya(Bihar)",M/S DEVI BRICKS,Delisted,EC,
5,245,SIA/BR/MIN/136830/2020,,"Brick Earth Mining Project at Village- Chatanwar, P.O- Chatanwar , P.S - Krishna Braham, District-Buxar(Bihar)",M/S- PRADHAN INT BHATTA UDYOG,Delisted,EC,
6,246,SIA/BR/MIN/137000/2020,,"Brick Earth Mining Project at Village- Rampur (Madhurapur), P.O- Rampur(Madhurapur), P.S- Kahalgaon, District- Bhagalpur (Bihar)",M/S MAA TARA BRICKS,Delisted,EC,
7,247,SIA/BR/MIN/129794/2019,,"Brick Earth Mining Project at Village- Pathar, P.o.- Garhani, P.S.-Charpokhri, Dist.-Bhojpur (Bihar)",M/S PRANAM EATA,Delisted,EC,
8,248,SIA/BR/MIN/31469/2019,SIA/1(a)/644/19,"Sand mining project on Phulari ghat on Son river in district Bhojpur, Bihar",BROADSON COMODITIES PVT LTD,EC Granted,EC,
9,249,SIA/BR/MIN/130495/2019,,"Brick Earth Mining Project of Area 3.00 Acres or 1.21 Hectare M/s N.S Int Udyog at Mauza- Singari, P.O + P.S + Block- Bagaha, District- West Champaran, State- Bihar",M/S N.S INT UDYOG,Delisted,EC,
10,250,SIA/BR/MIN/130417/2019,,"Brick Earth Mining Project at Village- Pitambarpur, P.O- Dumri, P.S- Fatuha, District-Patna (Bihar)",M/S- RIYA BRICKS,Delisted,EC,
1,251,SIA/BR/MIN/148955/2020,,BRICKS EARTH MINING PROJECT FOR M/S BABA BRICKS MAUZA APHAUR KHAIRA Op NAGRA SARAN AREA 2.58 Ac,M/S BABA BRICKS PROP JAI PRAKASH MISHRA AREA 2.58,Delisted,EC,
2,252,SIA/BR/MIN/149374/2020,,ORDINARY CLAY MINING PROJECT FOR BSCPL INFRASTRUCTURE LTD MAUZA BALHA,BSCPL INFRASTRUCTURE LTD MAUZA BALHA AREA 9.33 AC,Delisted,EC,
3,253,SIA/BR/MIN/41216/2019,SIA/1(a)/593/18,jaljoga Sand Ghat,WESTLINK TRADING PRIVATE LIMITED,EC Granted,EC,
4,254,SIA/BR/MIN/41879/2019,,Proposed Sand Mining Project of area 5.0 ha at Naokothi Ghat on  Gandak River of District- Begusarai of State- Bihar,RADHA SWAMI AUTOMOBILES,Pending at PP due to eds,EC,
5,255,SIA/BR/MIN/138826/2020,,"Ordinary clay bscpl infrastructure mauza khirniya , mansi, Khagaria",BSCPL INFRASTRUCTURE LTD. MAUZA KHIRNIYA AREA 12.21 AC 4.94 HA,Delisted,EC,
6,256,SIA/BR/MIN/153195/2020,,"Brick Clay Mining Mauza/ Village- Madardih, P.O- Wajirganj, P.S- Wajirganj , District- Gaya (Bihar).",M/S- RADHA BRICKS,Delisted,EC,
7,257,SIA/BR/MIN/128609/2019,,"Proposed Brick Earth Mining Project of Area 1.25 Hectare Or 3.08 Acer M/S Vinay Int Udyog at Vill- Sirauna, P.O- Neura, P.S- Bhairoganj, Block- Bagaha-1, District-West Champaran, State- Bihar",M/S VINAY INT UDYOG,Delisted,EC,
8,258,SIA/BR/MIN/128611/2019,,M/s THAKUR BRICKS,M/S THAKUR BRICKS,Delisted,EC,
9,259,SIA/BR/MIN/129733/2019,,"Brick Earth Mining Project at Village- Ramubariya, P.O- Mazariya, P.S – Buxar Ind, District- Buxar(Bihar)",M/S ANIL INT UDYOG,Delisted,EC,
10,260,SIA/BR/MIN/146445/2020,,"Brick Earth Mining Project at Mauza- Shahpur, P.O- Daudpur, P.S - Shahpur, District- Patna(Bihar)",M/S- PUJA BRICKS,Delisted,EC,
1,261,SIA/BR/MIN/130602/2019,,"Fatehpur  M/S –Maa Bricks Earth Mining Project ,Mauza- Fatehpur,tana no-25, khata no.-149,908,169 &788. Plot no.-1023, 1020,1061,1062&1053,Area-2.85Ac (1.15ha.)For production capacity5361.30TPA,P.S-Di",M\S MAA BRICKS PROPONENT VINDA RAY,Delisted,EC,
2,262,SIA/BR/MIN/30949/2019,,"Balio sand ghat mining project of district Jamui, Bihar over an area of 23 ha",WESTLINK TRADING PRIVATE LIMITED,Delisted,EC,
3,263,SIA/BR/MIS/96989/2019,SIA/8(a)/694/19,PROPOSED BRIDGE CONSTRUCTION PROJECT,EE NH DIVISION MG SETU PATNA,Rejection Letter Granted,EC,
4,264,SIA/BR/MIN/136224/2020,,"BRICK EARTH MINING PROJECT FOR M/S C.B.M. BRICKS, MAUZA- DAULATPUR, ATHMALGOLA, PATNA, AREA- 2.50 Ac, 1.01 Ha","M/S. C. B. M. BRICKS, PROP- PRAMOD KUMAR",Delisted,EC,
5,265,SIA/BR/MIN/136832/2020,,M/S S R CHIMNEY UDYOG,M/S S R CHIMNEY UDYOG,Delisted,EC,
6,266,SIA/BR/MIN/35331/2019,,"Report of Brick Earth Mining Project of Area 2.16 Acres or 0.87 Hectare for M/s India  Int Udyog at Village- Gobindpur, P.O- Datiyana, P.S + Block- Bikram, District- Patna, State-  Bihar.",INDIA INT UDYOG,Pending at PP due to eds,EC,
7,267,SIA/BR/MIN/35849/2019,,"Proposed Brick Earth Mining Project of Area 2.68 Acres or 1.08 Hectare for M/s  Om Sai Bricks at Mauza- Malahi Diara, P.O + P.S + Block- Barh, District- Patna, State- Bihar",MS OM SAI BRICKS,Pending at PP due to eds,EC,
8,268,SIA/BR/MIS/203393/2021,,M/s Bailey Properties Pvt. Ltd & PS Group Realty Pvt. Ltd.,BAILEY PROPERTIES PVT LTD,WithdrawEC,EC,
9,269,SIA/BR/MIN/139746/2020,,"ODINARY CLAY MINING PROJECT FOR BSCPL INFRASTRUCTURE LTD. MAUZA TELNI BITHAN SAMASTIPUR, AREA 6.23 Ac",BSCPL INFRASTRUCTURE LTD. MAUZA TELNI AREA 6.23 AC,Delisted,EC,
10,270,SIA/BR/MIN/138840/2020,,"Brick Earth Mining Project at Village- Simra, P.O- Simra, P.S+Anchal - Jhanjharpur, District- Madhubani(Bihar)",M/S- SACHIN INT UDYOG,Delisted,EC,
1,271,SIA/BR/MIS/256899/2022,SIA/8(a)/1911/2022,Winsome Realtors,WINSOME REALTORS,EC Granted,EC,
2,272,SIA/BR/MIN/128640/2019,,M/s Vivek Int Udyog,M/S VIVEK INT UDYOG,Delisted,EC,
3,273,SIA/BR/MIN/128786/2019,,"Brick Earth Mining Project at Village- Padri, P.O- Churamanpur, P.S – Buxar, District- Buxar(Bihar)",M/S VIKASH BRICKS,Delisted,EC,
4,274,SIA/BR/MIN/128965/2019,,"Proposed Brick Earth Mining Project of Area 2.50 Acer or 1.01 Ha M/s Kamal Int Udyog at Mauza- Baigwan, Anchal- Bikram, District- Patna, State- Bihar.",M/S KAMAL INT UDYOG,Delisted,EC,
5,275,SIA/BR/MIN/129768/2019,,"Proposed Brick Earth Mining Project of Area 2.77 Acres or 1.12 Hectare for M/s Hira Bricks at Mauza-Lodipur, P.O-Byapur, P.S + Block-Maner, District-Patna, State-Bihar.",M/S HIRA BRICKS,Delisted,EC,
6,276,SIA/BR/MIN/130178/2019,,Brick Earth Mining Project for M/s A.R.L Bricks,BRICK  EARTH  MINING  PROJECT,Delisted,EC,
7,277,SIA/BR/MIN/157455/2020,,ORDINARY CLAY MINING PROJECT FOR BSCPL INFRASTRUCTURE LTD. MAUZA HATHWAN ALAULI KHAGARIA AREA 11.04,BSCPL INFRASTRUCTURE LTD MAUZA HATHWAN AREA 11.04 AC,Delisted,EC,
8,278,SIA/BR/MIN/131092/2019,,"Dighaun M/S. N. P. S. INT UDYOG. With production capacity 5081.58 TPA  Mauza - Dighaun, Thana No.- 144, Khata no. 18 & 73. Plot no. 2385 & 29. Area, 2.70 Ac 1.09 ha P.S.- Beldaur, Circle - Beldaur, Di",M/S N.P.S. INT UDYOG PROP:-SARITA DEVI,Delisted,EC,
9,279,SIA/BR/MIN/131486/2019,,Proposed Brick Earth Mining,MS HINDI KAMAL INT,Delisted,EC,
10,280,SIA/BR/MIN/34464/2019,,Barnawa Sand Ghat on Burhi Gandak River,VINAY  KUMAR,Pending at PP due to eds,EC,
1,281,SIA/BR/MIN/132658/2019,,"Antaur M/S BHARAT INT UDYOG project, for   Production Capacity 4848.48 TPA, Mine Area, 2.57 Ac 1.04 Ha, Mauza – Antaur (Shahdullahpur), Thana No.- 156, Khata No. 270, 335, 349, 98 & 750. Plot No. 2501",M/S BHARAT INT UDYOG PROP RAJEEV KUMAR,Delisted,EC,
2,282,SIA/BR/MIN/31800/2019,SIA/1(a)/651/19,"Sand mining project at Chandralaya ghat 1 on Gandak river in district Vaishali, Bihar",BANSHIDHAR CONSTRUCTION PRIVATE LIMITED,Rejection Letter Granted,EC,
3,283,SIA/BR/MIN/133677/2019,,"Village- Parwalpur, P.S - Bheja (Khasra/Plot(s) No. 536, 260, 429, 380, 430 & 258) soil brick mining project.",M/S MAA JWALAMUKHI INT UDYOG,Delisted,EC,
4,284,SIA/BR/MIN/154986/2020,,Brick Clay Mining,M/S BSCPL INFRASTRUCTURE LTD.,Delisted,EC,
5,285,SIA/BR/MIN/41681/2019,,SUGAULI & CHAND PARSA BALU GHAT,VINAY KUMAR   DISTRICT EAST CHAMPARAN,Pending at PP due to eds,EC,
6,286,SIA/BR/MIN/146422/2020,,M/s Thakur Bricks,M/S TULSI BRICKS,Delisted,EC,
7,287,SIA/BR/MIN/41164/2019,SIA/1(a)/597/18,Sati & Garhi Sand Ghat  Mining Project,WESTLINK TRADING PRIVATE LIMITED,EC Granted,EC,
8,288,SIA/BR/MIN/30998/2019,SIA/1(a)/569/18,Judgi Sand Ghat (Stretch III Block VIII) Mining Project,WESTLINK TRADING PRIVATE LIMITED,EC Granted,EC,
9,289,SIA/BR/MIN/31026/2019,SIA/1(a)/591/18,Pakri Sand Ghat,WESTLINK TRADING PRIVATE LIMITED,EC Granted,EC,
10,290,SIA/BR/MIN/129359/2019,,"Brick Earth Mining Project of Area 3.00 Acres or 1.21 Hectare M/s Hari Om Bricks Udyog at Mauza + P.O- Mahanagni, P.S-Muffashil Bettiah, Block- Majhaulia, District-West Champaran, State- Bihar",M/S HARI OM BRICKS UDYOG,Delisted,EC,
1,291,SIA/BR/MIN/131486/2019,,Proposed Brick Earth Mining,MS HINDI KAMAL INT,Delisted,EC,
2,292,SIA/BR/MIN/141567/2020,,"Bhelwa, P.S - Gharasahan (Khasra/Plot(s) No. 01) soil brick mining project.",M/S MAA INT. UDYOG,Delisted,EC,
3,293,SIA/BR/MIS/160113/2020,SIA/8(a)/1262/2020,Shrinivas medical College & Hospital,SHRINIVAS MEDICAL COLLEGE AND HOSPITAL,EC Granted,EC,
4,294,SIA/BR/MIN/38009/2019,,"Report of Brick Earth Mining Project of Area 2.22 Acres or 0.90 Hectare for M/s R.P.S Bricks at Mauza: Lodipur, Sherpur, P.O: Byapur, Sherpur, P.S: Maner, District: Patna, State: Bihar.",MS RPS BRICKS,Pending at PP due to eds,EC,
5,295,SIA/BR/MIN/31517/2019,SIA/1(a)/626/19,"Sand mining project on Mustafapur ghat on Son river over an area of 23,5 ha in district Patna, Bihar",BROADSON COMODITIES PVT LTD,EC Granted,EC,
6,296,SIA/BR/MIN/30884/2019,SIA/1(a)/636/19,"Sand mining project at Muhammadpur ghat on Son river over an area of 24.7 ha in district Patna, Bihar",BROADSON COMODITIES PVT LTD,EC Granted,EC,
7,297,SIA/BR/MIN/31520/2019,SIA/1(a)/646/19,"sand mining project on Deddour ghat on Ganga river over an area of 23 ha in district Patna, Bihar",BROADSON COMODITIES PVT LTD,Delisted,EC,
8,298,SIA/BR/IND/29688/2017,SIA/5(i)/605/2019,Indira Paper Mill Pvt. Ltd.,INDIRA PAPER MILL PVT LTD,EC Granted,EC,
9,299,SIA/BR/MIN/35775/2019,,"Brick Earth Soil Project at Mauza- Mauzipur (Daulatpur), P.O- Gadho Chak, P.S- Fatuha, District- Patna (Bihar).",PAWAN BRICKS INDUSTRIES,Pending at PP due to eds,EC,
10,300,SIA/BR/IND/26138/2018,,Kamper Concast ltd,KAMPER CONCAST LIMITED,EC Granted,EC,
1,301,SIA/BR/MIN/138575/2020,,"Samastipur (Khasra No. 645, 408, 410, 471, 472 ) soil brick mining project.",M/S JANTA BRICKS,Delisted,EC,
2,302,SIA/BR/MIS/251819/2022,SIA/8(a)/1853/2022,Proposed Commercial cum Residential Building “Umeed Nagar Township” by Umeed Builder & Constructor Pvt. Ltd.,UMEED BUILDER & CONSTRUCTOR PVT. LTD.,EC Granted,EC,
3,303,SIA/BR/MIS/125023/2019,SIA/8(a)/697/19,"Government Medical College and Hospital at Sitamarhi, Bihar",DEPARTMENT OF HEALTH GOVERMENT OF BIHAR,EC Granted,EC,
4,304,SIA/BR/MIN/130906/2019,,"Proposed Brick Earth Mining Project of Area 3.81 Acres or 1.54 Hectare for M/S Ganga Int Udyog at Mauza- Devna, PS- Sakatpur, Block- Tardih, District- Darbhanga, State- Bihar",MS GANGA INT UDYOG,Delisted,EC,
5,305,SIA/BR/MIN/133320/2019,,"Brick Earth Mining Project at Village- Moujipur, P.O- Fatuha, P.S - Fatuha, District-Patna(Bihar)",M/S- RADHA BRICKS MANUFACTURING COMPANY,Delisted,EC,
6,306,SIA/BR/MIN/135898/2020,,Super Prakash Bricks Soil Brick Mining project,DHIRENDRA KUMAR,Delisted,EC,
7,307,SIA/BR/MIN/17902/2016,SIA/1(a)/323/16,Alipur ghat Sand Mining project,WESTLINK TRADING PVT LTD,EC Granted,EC,
8,308,SIA/BR/IND2/253126/2022,SIA/1(b)/2037/2022,Exploratory drilling of One well in OALP BLOCK GV-ONHP-2021/1,"HSE, FRONTIER BASINS, ONGC, DEHRADUN",EC Granted,EC,
9,309,SIA/BR/MIN/146134/2020,,ORDINARY CLAY MINING PROJECT FOR BSCPL INFRASTRUCTURE LTD MAUZA DAHAWA KHAIRI KHUTAHA,BSCPL INFRASTRUCTURE LTD MAUZA DAHAWA KHAIRI KHUTHA AREA 12.33 AC,Delisted,EC,
10,310,SIA/BR/MIN/35578/2019,,"Proposed Brick Earth Mining Project of Area 2.60 Acres or   1.05 Hectare for   M/s  Bol Bam Chimney Bricks Bhatta at   Vill- Karai, P.O: Karai P.S- Naubatpur, District- Patna,  State- Bihar.",MS BOL BAM CHIMNEY BRICKS BHATTA,Pending at PP due to eds,EC,
1,311,SIA/BR/MIN/160331/2020,,ORDINARY CLAY MINING PROJECT FOR BSCPL INFRASTRUCTURE LTD MAUZA KAJIDUMRA,BSCPL INFRASTRUCTURE LTD MAUZA KAJIDUMRA AREA 12.01 AC,Delisted,EC,
2,312,SIA/BR/MIN/137921/2020,,"Brick Earth Mining Project at Village- Barki Hardiya, P.o.- Barki Hardiya, P.S.- Jagdishpur, Dist.- Bhojpur (Bihar)",M/S- MAHAL INT UDYOG,Delisted,EC,
3,313,SIA/BR/MIN/138625/2020,,"LACHHMINIYA SAND GHAT (SAPTGANDHI RIVER), APPLICANT- MR. SUJEET KUMAR, AREA- 0.8 HA., VILLAGE- LACHHMINIYA, DISTRICT- SUPAUL (BIHAR)","MR. SUJEET KUMAR, DISTRICT- SUPAUL, BIHAR",Delisted,EC,
4,314,SIA/BR/MIN/138332/2020,,"Vrindavan (Khasra No. 4668, 4680, 4876, 4783, 4772, 4782, 4779, 4776, 4760, 4761, 4778, 4773, 4777, 4779, 4762, 4380, 4783 ) soil brick mining project.",M/S LAXMI INT UDYOG,Delisted,EC,
5,315,SIA/BR/MIS/129752/2019,SIA/8(a)/983/2020,Bhawani Height,BHAWANI INFRACON PVT LTD,EC Granted,EC,
6,316,SIA/BR/MIN/129762/2019,,"Rifatpur (Khasra No. 3212, 3503 ) soil brick mining project.",RIFATPUR SOIL BRICK.,Delisted,EC,
7,317,SIA/BR/MIN/130128/2019,,"Chawahi Khas M/S A & S BRICKS Earth Mining Project, For Production Capacity -5221.44 TPA, Area-1.12ha (2.77Ac), Thana no-92, Khata no-12. Plot no.-28, 56, 57,149,197,276,297,479&480. Mauza- Chawahi Kh",M/S A & S BRICKS,Delisted,EC,
8,318,SIA/BR/MIN/153127/2020,,"Brick Clay Mining Village- Bangama, P.O- Bangama, P.S- Lokhi, District- Madhubani(Bihar).",M/S SRI BAJRANGBALI INT UDYOG,Delisted,EC,
9,319,SIA/BR/MIN/33576/2019,,Tarapur Sand Ghat on Badua Rive,KATYAYNI CONTRACTORS PVT. LTD.,Pending at PP due to eds,EC,
10,320,SIA/BR/MIN/133250/2019,,"Report of Brick Earth Mining Project of Area 1.23 Hectare or 3.03 Acre M/s Maa Int Udyog at Vill/Mauza-Chhitauli, P.O-Laxmiganj, P.S + Block-Goreya Kothi, District-Siwan, State-Bihar.",M/S MAA INTUDYOG,Delisted,EC,
1,321,SIA/BR/MIN/137502/2020,,M/S SHANKAR INT UDYOG,M/S SHANKAR INT  UDYOG,Delisted,EC,
2,322,SIA/BR/MIN/138818/2020,,ORDINARY CLAY MINING PROJECT FOR BSCPL INFRASTRUCTURE LTD  MAUZA HARDIYA CHAUTHAM KHAGARIA,BSCPL INFRASTRUCTURE LTD. MAUZA HARDIYA AREA 12.29 ACC,Delisted,EC,
3,323,SIA/BR/MIN/34464/2019,,Barnawa Sand Ghat on Burhi Gandak River,VINAY  KUMAR,Pending at PP due to eds,EC,
4,324,SIA/BR/MIN/157455/2020,,ORDINARY CLAY MINING PROJECT FOR BSCPL INFRASTRUCTURE LTD. MAUZA HATHWAN ALAULI KHAGARIA AREA 11.04,BSCPL INFRASTRUCTURE LTD MAUZA HATHWAN AREA 11.04 AC,Delisted,EC,
5,325,SIA/BR/MIN/128640/2019,,M/s Vivek Int Udyog,M/S VIVEK INT UDYOG,Delisted,EC,
6,326,SIA/BR/MIN/128786/2019,,"Brick Earth Mining Project at Village- Padri, P.O- Churamanpur, P.S – Buxar, District- Buxar(Bihar)",M/S VIKASH BRICKS,Delisted,EC,
7,327,SIA/BR/MIN/128965/2019,,"Proposed Brick Earth Mining Project of Area 2.50 Acer or 1.01 Ha M/s Kamal Int Udyog at Mauza- Baigwan, Anchal- Bikram, District- Patna, State- Bihar.",M/S KAMAL INT UDYOG,Delisted,EC,
8,328,SIA/BR/MIN/133677/2019,,"Village- Parwalpur, P.S - Bheja (Khasra/Plot(s) No. 536, 260, 429, 380, 430 & 258) soil brick mining project.",M/S MAA JWALAMUKHI INT UDYOG,Delisted,EC,
9,329,SIA/BR/MIN/17923/2016,SIA/1(a)/441/17,Shanti nagar ghat sand mining project,WESTLINK TRADING PVT LTD,EC Granted,EC,
10,330,SIA/BR/MIN/41681/2019,,SUGAULI & CHAND PARSA BALU GHAT,VINAY KUMAR   DISTRICT EAST CHAMPARAN,Pending at PP due to eds,EC,
1,331,SIA/BR/MIN/134382/2019,,"Brick Earth Mining Project at Village- Bhatandi, P.O- Bharwari, P.S– Rosera, District- Samastipur (Bihar",M/S- RAMAN INT UDYOG,Delisted,EC,
2,332,SIA/BR/MIS/172376/2020,SIA/8(a)/1237/2020,Crystal Towers,MUNDESHWARI MULTICOM PVT. LTD.,EC Granted,EC,
3,333,SIA/BR/MIN/51422/2020,,Final EIA report of Jamui Kiul 6 Balu ghat,PREMIUM SOFT COKE INDUSTRIES,Delisted,EC,
4,334,SIA/BR/MIS/203393/2021,,M/s Bailey Properties Pvt. Ltd & PS Group Realty Pvt. Ltd.,BAILEY PROPERTIES PVT LTD,WithdrawEC,EC,
5,335,SIA/BR/MIN/129290/2019,,Sand Mining Project at Simiaahi  Sand Ghat (4.75 Ha.) on Budhnad  riverbed in Sitamarhi district of Bihar,NAVEENKUMAR SITAMARHI,Delisted,EC,
6,336,SIA/BR/MIN/131462/2019,,Ektansh Sri Engicon Pvt. Ltd.,EKTANSH SRI ENGICON PVT. LTD.,Delisted,EC,
7,337,SIA/BR/MIN/144104/2020,,BRICK EARTH MINING PROJECT FOR M/S TRIMURTI EET UDYOG MAUZA BISHUNPUR BELA PARIHAR SITAMARHI AREA 3.09 Ac,M/S TRIMURTI EET UDYOG PROP DINESH RAY,Delisted,EC,
8,338,SIA/BR/MIN/30896/2019,SIA/1(a)/618/19,"Sand mining project at Jalpura Masaurha ghat over an area of 24.9 ha in district Patna, Bihar",BROADSON COMODITIES PVT LTD,EC Granted,EC,
9,339,SIA/BR/MIN/145470/2020,,Brick Kiln Soil Mining Project,M/S ARAHAN BRICKS,Delisted,EC,
10,340,SIA/BR/MIS/140546/2020,SIA/8(a)/990/2020,"Government Medical College & Hospital at Jhanjharpur, Madhubani, Bihar",DEPARTMENT OF HEALTH GOVERMENT OF BIHAR,EC Granted,EC,
1,341,SIA/BR/MIN/138710/2020,,ODINARY CLAY MINING PROJECT FOR BSCPL INFRASTRUCTURE LTD. MAUZA MEGHAUNA ALAULI KHAGARIA,BSCPL INFRASTRUCTURE LTD. MAUZA MEGHAUNA AREA 12.34 AC,Delisted,EC,
2,342,SIA/BR/MIN/138356/2020,,"SARDAHAN SAND GHAT (CHILAUNI RIVER), APPLICANT- MR. SUJEET KUMAR, AREA- 1.8 HA, VILL.- DHALHA GARHIYA (NORTH), DIST.- SUPAUL , BIHAR","MR. SUJEET KUMAR, DISTRICT- SUPAUL, BIHAR",Delisted,EC,
3,343,SIA/BR/MIN/138915/2020,,"Amha Laukaha Sand Ghat (Tilawe River), area- 1.4 Ha., Applicant- Mr. Sujeet Kumar, District- Supaul, Bihar","MR. SUJEET KUMAR, DISTRICT- SUPAUL, BIHAR",Delisted,EC,
4,344,SIA/BR/MIN/145862/2020,,BRICK EARHT MINING PROJECT FOR M/S B SWASTICK K BRICKS MAUZA MANIKNAGAR PRANPUR KATIHAR AREA 2.99 Ac,M/S B SWASTICK K BRICKS PROP VINAY KUMAR URF LOK NATH MANDAL,Delisted,EC,
5,345,SIA/BR/MIN/146352/2020,,"Proposed Brick Earth Mining Project of Area  1.21 Hectare Or 3.0  Acre  M/S  RADHA BRICKS  at Mauza- Bidhipur, P.S- Bakhtiyarpur, Block- Bakhtiyarpur    , District-  Patna, State - Bihar",M/S RADHA  BRICKS,Delisted,EC,
6,346,SIA/BR/MIS/31274/2018,SIA/7(da)/650/19,"COMMON BIO MEDICAL WASTE TREATMENT FACILITY” LOCATED AT VILLAGE: RAM CHAK BAIRIYA, TEHSIL AND DISTRICT –PATNA (BIHAR)",M/S SANGAM MEDISERVE PVT LTD,EC Granted,EC,
7,347,SIA/BR/MIN/177020/2020,,Sarpani Soil Brick Mine,MS R.K.S MARKA,Delisted,EC,
8,348,SIA/BR/MIN/134008/2019,,"BRICK EARTH MINING PROJECT FOR M/S. PRASAD BRICKS INDUSTRIES, AT THANA NO. 390 & 392, MAUZA PHULWARIA & HARPURPARI, P.S PHULWARIA, CIRCLE TEGHARA, DISTRICT- BEGUSARAI, AREA 2.44 Ac, 0.98 Ha","M/S. PRASAD BRICKS INDUSTRIES, PROP- VIKASH KUMAR",Delisted,EC,
9,349,SIA/BR/MIN/134241/2019,,"Kalyanpur (Gata No. 1011,1012,1013,1014,1015, 1016,1009,1006,1004,1002,1001,1000,987, 979,990, 1003,991,992, 997,998,9)  brick earth (soil) mining project.",M/S SRI RAM BRICKS,Delisted,EC,
10,350,SIA/BR/MIN/134923/2020,,"BRICK EARTH MINING PROJECT FOR M/S. MATA BRICKS COMPANY, MAUZA- BHAGWAN CHAK, CIRCLE- KHAGARIA, DISTRICT- KHAGARIA, AREA- 3.30 Ac, 1.33 Ha","M/S. MATA BRICKS COMPANY, PROP- RAM KUMAR SINGH",Delisted,EC,
1,351,SIA/BR/MIN/136729/2020,,"BRICK EARTH MINING PROJECT FOR M/S. A.M. INT UDYOG, MAUZA-BRARI JAGDISH, UCHAKAGAON, THAWE, GOPALGANJ, AREA- 2.78 Ac, 1.13 Ha","M/S. A.M. INT UDYOG, PROP- SUMAN DEVI",Delisted,EC,
2,352,SIA/BR/MIN/137921/2020,,"Brick Earth Mining Project at Village- Barki Hardiya, P.o.- Barki Hardiya, P.S.- Jagdishpur, Dist.- Bhojpur (Bihar)",M/S- MAHAL INT UDYOG,Delisted,EC,
3,353,SIA/BR/MIN/138625/2020,,"LACHHMINIYA SAND GHAT (SAPTGANDHI RIVER), APPLICANT- MR. SUJEET KUMAR, AREA- 0.8 HA., VILLAGE- LACHHMINIYA, DISTRICT- SUPAUL (BIHAR)","MR. SUJEET KUMAR, DISTRICT- SUPAUL, BIHAR",Delisted,EC,
4,354,SIA/BR/MIN/138332/2020,,"Vrindavan (Khasra No. 4668, 4680, 4876, 4783, 4772, 4782, 4779, 4776, 4760, 4761, 4778, 4773, 4777, 4779, 4762, 4380, 4783 ) soil brick mining project.",M/S LAXMI INT UDYOG,Delisted,EC,
5,355,SIA/BR/MIN/31021/2019,SIA/1(a)/584/18,Panbarwa Sand Ghat,WESTLINK TRADING PRIVATE LIMITED,EC Granted,EC,
6,356,SIA/BR/MIS/129752/2019,SIA/8(a)/983/2020,Bhawani Height,BHAWANI INFRACON PVT LTD,EC Granted,EC,
7,357,SIA/BR/MIN/129762/2019,,"Rifatpur (Khasra No. 3212, 3503 ) soil brick mining project.",RIFATPUR SOIL BRICK.,Delisted,EC,
8,358,SIA/BR/MIN/130128/2019,,"Chawahi Khas M/S A & S BRICKS Earth Mining Project, For Production Capacity -5221.44 TPA, Area-1.12ha (2.77Ac), Thana no-92, Khata no-12. Plot no.-28, 56, 57,149,197,276,297,479&480. Mauza- Chawahi Kh",M/S A & S BRICKS,Delisted,EC,
9,359,SIA/BR/MIS/251608/2022,SIA/8(a)/1854/2022,Mini smart Township of BTPP Buxar,MINI SMART TOWNSHIP OF BTPP BUXAR,EC Granted,EC,
10,360,SIA/BR/MIN/132541/2019,,"Shahpur (Gata No. 483,484, 485,532, 531,529, 530,534 )  brick earth (soil) mining project.",M/S CHOUDHARY INT UDYOG,Delisted,EC,
1,361,SIA/BR/MIN/132707/2019,,"Kapa Kala M/S SHYAM BRICKS MANUFACTURING CO. Earth Mining Project , Mauza - Kapa Kala Thana No -151 Khata No.- 44, 52, 557, 564 & 571, Plot No.- 1217, 1218, 1222, 1302, 1306, 1310 & 1313,Area-1.15Ha o",M/S SHYAM BRICKS MANUFACTURING CO. PROP-KAMLESH KUMAR,Delisted,EC,
2,362,SIA/BR/MIN/34462/2019,,Dhavhi Balu Ghat on Sonvarsa Mann River,VINAY  KUMAR,Pending at PP due to eds,EC,
3,363,SIA/BR/MIN/34694/2019,,Proposed Sand Mining Project of area 4.20 ha at Mohanpur Ghat  on Gandak River of District- Begusarai of State-Bihar,RADHA SWAMI AUTOMOBILES,Pending at PP due to eds,EC,
4,364,SIA/BR/MIN/31028/2019,SIA/1(a)/611/19,Mandhata Sand Ghat ( Stretch III Block VI) Mining Project,WESTLINK TRADING PRIVATE LIMITED,EC Granted,EC,
5,365,SIA/BR/MIN/30976/2019,SIA/1(a)/613/18,Lipatwa Sand Ghat ( Stretch III Block X) Mining Project,WESTLINK TRADING PRIVATE LIMITED,EC Granted,EC,
6,366,SIA/BR/MIN/41904/2019,,Proposed Sand Mining Project of Area 3.5 Ha at Rajwahi Yadavpur Ghat on Gandak River of District-Gopalganj of State-Bihar,MR KAMAKHYA MISHRA,Pending at PP due to eds,EC,
7,367,SIA/BR/MIN/137295/2020,,"BRICK EARTH MINING PROJECT FOR M/S SAINIK INT BHATTA MAUZA JAINAGRA, TILAUTHU, DISTRICT ROHTAS AREA 3.44 Ac, 1.39 Ha",M/S SAINIK INT BHATTA PROP RAM PAL SINGH,Delisted,EC,
8,368,SIA/BR/MIN/136505/2020,,"Proposed Brick Earth Mining Project of Area 3.85 Acres or 1.55 Hectare for M/S Shivam Int Udyog at Mauza- Mahishar, P.O- Jakhar, P.S- Rosera, Block- Shivajinagar, District- Samastipur, State – Bihar",M/S SHIVAMINTUDYOG,Delisted,EC,
9,369,SIA/BR/MIN/136807/2020,,"Proposed Brick Earth Mining Project of Area 3.09 Acres or 1.25 Hectare for M/S Bharat Int Udyog at Mauza: Murraha, P.O- Sasan, P.S + Block- Hassanpur, District- Samastipur, State - Bihar",M/S BHARATINTUDYOG,Delisted,EC,
10,370,SIA/BR/IND/26138/2018,SIA/3(a)/532/18,Kamper Concast Ltd,KAMPER CONCAST LIMITED,EC Granted,EC,
1,371,SIA/BR/MIN/41830/2019,SIA/1(a)/614/19,Simaria Sand Ghat,WESTLINK TRADING PRIVATE LIMITED,EC Granted,EC,
2,372,SIA/BR/MIN/30967/2019,SIA/1(a)/616/19,Dinari Sand Ghat,WESTLINK TRADING PRIVATE LIMITED,EC Granted,EC,
3,373,SIA/BR/MIN/33741/2019,,Pipra Balu Ghat,VINAY  KUMAR,Pending at PP due to eds,EC,
4,374,SIA/BR/MIN/31474/2019,SIA/1(a)/634/19,"Sand mining project at Bindaul ghat 1 on Son river over an area of 24.9 ha in district Patna, Bihar",BROADSON COMODITIES PVT LTD,EC Granted,EC,
5,375,SIA/BR/MIN/141689/2020,,"Proposed Brick Earth Mining Project of Area 3.64 Acres or 1.47 Hectare for M/S  R.V.I Bricks at Vill/ Mauza: Muni Ketsa, P.O- Muni Baikari, P.S- Piyar, Block- Bandra,   District-  Muzaffarpur, State -",M/S R.V.I BRICKS,Delisted,EC,
6,376,SIA/BR/MIN/140949/2020,,ORDINARY CLAY MINING PROJECT FOR BSCPL INFRASTRUCTURE LTD,BSCPL INFRASTRUCTURE LTD MAUZA RANNA AREA 12.34 AC,Delisted,EC,
7,377,SIA/BR/MIN/31513/2019,SIA/1(a)/633/19,"Sand mining project at Bindaul ghat on Son river over an area of 24.8 ha in district Patna, Bihar",BROADSON COMODITIES PVT LTD,EC Granted,EC,
8,378,SIA/BR/MIN/167372/2020,,ORDINARY CLAY MINING PROJECT FOR BSCPL INFRASTRUCTURE LTD MAUZA SHANKARPUR,BSCPL INFRASTRUCTURE LTD MAUZA SHANKARPUR AREA 8.36,Delisted,EC,
9,379,SIA/BR/MIS/121529/2019,SIA/8(a)/695/19,Ashiyana Green City (Phase-2),ASHIANA CREATORS PRIVATE LIMITED,EC Granted,EC,
10,380,SIA/BR/MIN/134328/2019,,ASTHA  GOLD BRICKS,M/S ASTHA  GOLD BRICKS,Delisted,EC,
1,381,SIA/BR/MIN/64472/2017,SIA/1(a)/471/17,Sand MIning Project at Manoharpur ghat on Buddh River,WESTLINK TRADING PRIVATE LIMITED,EC Granted,EC,
2,382,SIA/BR/MIN/442474/2023,SIA/1(a)/2247/2023,Patna Sone 08 Sand Ghat River – Sone,DEVENDRA EQUIPMENT,EC Granted,EC,
3,383,SIA/BR/MIN/443767/2023,SIA/1(a)/2064/2022,Sand Mining Project at Patna Son 11 Sand Ghat on Riverbed of Son in Dist - Patna,RANA SAURAV,EC Granted,EC,
4,384,SIA/BR/MIN/70066/2017,,Proposed Sand Mining Project at Kasthua Sand Ghat on Morhar River.,WESTLINK TRADING PRIVATE LIMITED,Delisted,EC,
5,385,SIA/BR/MIN/32718/2015,SIA/1(a)/58/2015,JK Int Udyog,JK INT UDYOG,Delisted,EC,
6,386,SIA/BR/MIN/75701/2018,SIA/1(a)/535/18,"Proposed Stone Mining Project at  Area-  8.397 Hect or 20.75 Acres  at  Village  - Madurna, Thana: Bhabua, District - Kaimur, (Bihar)",M/S STARNET MARKETING PVT. LIMITED,Delisted,EC,
7,387,SIA/BR/MIN/445700/2023,SIA/1(a)/2413/2023,"Sand Mining Project, Block-19 (Gaya Morhar – 06) Sand Ghat",M/S RANJAN KUMAR,EC Granted,EC,
8,388,SIA/BR/MIN/69936/2017,,Proposed Sand Mining Project at Amarut II Sand Ghat on Lilajan River,WESTLINK TRADING PRIVATE LIMITED,Delisted,EC,
9,389,SIA/BR/MIN/440984/2023,SIA/1(a)/2315/2023,Sand Ghat Mining Project (Chanan Block No. – 06) at Chanan River Bed,MAIHAR DEVELOPERS,EC Granted,EC,
10,390,SIA/BR/MIN/31839/2015,SIA/1(a)/53/2015,BolBam Int Udyog,SANJAY KUMAR,Delisted,EC,
1,391,SIA/BR/MIN/161171/2020,,BRICK EARTH MINING PROJECT FOR M/S ATA BRICKS MAUZA GARHA RANIGANJ ARARIA AREA 3.00 Ac 1.21 Ha,ATA BRICKS PROP UMESH SHARMA,Delisted,EC,
2,392,SIA/BR/MIN/133330/2019,,"Brick Earth Mining Project at Village- Maujipur, P.O- Fatuha, P.S - Fatuha, District- Patna(Bihar)",M/S- S.B.M BRICKS,Delisted,EC,
3,393,SIA/BR/MIN/140880/2020,,"Brick Earth Mining Project of Area 4.18 Acres or 1.69 Hectare M/s Rakesh Bricks at Mauza- Senuaria, P.S- Inarwa, Block- Mainatand, District-West Champaran, State - Bihar",M/S RAKESH INT UDYOG,Delisted,EC,
4,394,SIA/BR/MIN/144003/2020,,BRICK EARTH MINING PROJECT FOR M/S S R P ENT UDYOG MAUZA KAMALDAH BATHNAHA SITAMARHI AREA 3.11 Ac,M/S S R P ENT UDYOG PROP SUNIL KUMAR,Delisted,EC,
5,395,SIA/BR/MIS/31274/2018,SIA/7(da)/650/19,"COMMON BIO MEDICAL WASTE TREATMENT FACILITY” LOCATED AT VILLAGE: RAM CHAK BAIRIYA, TEHSIL AND DISTRICT –PATNA (BIHAR)",M/S SANGAM MEDISERVE PVT LTD,EC Granted,EC,
6,396,SIA/BR/MIN/130886/2019,,"Proposed Brick Earth Mining Project of Area 3.00 Acres or 1.21 Hectare for M/s Rana Bricks at Mauza- Champapur, P.O- Goswari Bakhtiyarpur, P.S + Block- Bakhtiyarpur, District- Patna, State- Bihar",M/S RANA BRICKS,Delisted,EC,
7,397,SIA/BR/MIN/31454/2019,SIA/1(a)/631/19,"Sand mining project at Nonaur ghat on Son river in district Bhojpur, Bihar",BROADSON COMODITIES PVT LTD,EC Granted,EC,
8,398,SIA/BR/MIN/36422/2019,,"Proposed Brick Earth Mining Project of Area 3.50 Acres or 1.42 Hectare M/s A.B.C Int Udyog at Vill- Bagodar, P.O + P.S+ Block:-Hisua, Dist:-Nawada, State- Bihar.",MS ABC INT UDYOG,Pending at PP due to eds,EC,
9,399,SIA/BR/MIN/137847/2020,,"BRICK EARTH MINING PROJECT FOR M/S RESHMI INT UDYOG, MAUZA AMNAWAN, ISLAMPUR, DISTRICT NALANDA AREA- 3.01 Ac, 1.21 Ha",M/S RESHMI INT UDYOG PROP ABHISHEK KUMAR,Delisted,EC,
10,400,SIA/BR/MIN/57858/2019,,"Natraj Engineers Pvt. Ltd. Stone Mining Project at Village: Barari, District:  Shekhpura, State Bihar",NATRAJ ENGINEERS PVT. LTD,Pending at PP due to eds,EC,
1,401,SIA/BR/MIN/51277/2019,SIA/1(a)/627/19,"Sand mining project at Rupas Ghat on Ganga river over an area of 14.8 ha in district Patna, Bihar",BROADSON COMODITIES PVT LTD,Referred Back to SEAC(A),EC,
2,402,SIA/BR/MIN/167200/2020,,ORDINARY CLAY MINING PROJECT FOR BSCPL INFRASTRUCTURE LTD MAUZA RAHIYAR KAUNCHI,BSCPL INFRASTRUCTURE LTD MAZUA RAHIYAR KUANCHI,Delisted,EC,
3,403,SIA/BR/MIN/33778/2019,,Proposed Sand Mining Project of Area 4.82 Ha at Ahirauli Ghat on Ganga River of District-Buxar of State-Bihar,MS KATYAYNI CONTRACTORS PRIVATE LIMITED,Pending at PP due to eds,EC,
4,404,SIA/BR/MIN/33992/2019,,Lachhminiya Sand Ghat on Saptgandhi River,SUJEET KUMAR,Pending at PP due to eds,EC,
5,405,SIA/BR/MIN/33152/2019,,Proposed Sand Mining Project  of area 2.50 ha at Batardeh Jokaha Ghat on Gandak River  of District-Gopalganj  of State-Bihar.,MR KAMAKHYA MISHRA,Pending at PP due to eds,EC,
6,406,SIA/BR/MIN/33432/2019,,Proposed Sand Mining Project of Area 3.70 Ha at Jai Chhapra Ghat  on Ghaghra (Sarayu) River of District-Siwan of State-Bihar,M S BALAJI ENTERPRISES,Pending at PP due to eds,EC,
7,407,SIA/BR/MIN/33483/2019,,Mania Sand Ghat at Badua River,KATYAYNI CONTRACTORS PVT. LTD.,Pending at PP due to eds,EC,
8,408,SIA/BR/MIN/143997/2020,,ORDINARY CLAY MINING PROJECT FOR BSCPL INFRASTRUCTURE LTD,BSCPL INFRASTRUCTURE LTD MAUZA PUNWA AREA 11.24 AC,Delisted,EC,
9,409,SIA/BR/MIN/144177/2020,,ORDINARY CLAY MINING PROJECT FOR BSCPL INFRASTRUCTURE LTD MAUZA AMBAICHARUA,BSCPL INFRASTRUCTURE LTD MAUZA AMBAICHARUA AREA 9.68 AC,Delisted,EC,
10,410,SIA/BR/MIN/144479/2020,,"Soil Mining project at Village- Bojhwa & Dhanpur, Post- Bhatta, P.S- Kashichak, District- Nawada(Bihar)",M/S- RAM KRIPAL SINGH CONST. PVT. LTD.,Delisted,EC,
1,411,SIA/BR/MIS/59244/2020,SIA/8(b)/1270/2020,INDIRA GANDHI INSTITUTE OF MEDICALSCIENCES (IGIMS),IGIMS,EC Granted,EC,
2,412,SIA/BR/MIS/280088/2022,SIA/8(a)/2039/2022,Proposed Residential Building “ The Emperor” by Hira Panna Infra Projects LLP,HIRA PANNA INFRAPROJECTS LLP,EC Granted,EC,
3,413,SIA/BR/MIN/131222/2019,,M/s J. HIND BRICKS,M/ S. J. HJND BRICKS,Delisted,EC,
4,414,SIA/BR/MIN/141027/2020,,ORDINARY CLAY MINING PROJECT FOR MAUZA HATHAURI HAYAGHAT BAHERI DARBHANGA AREA 9.87 Ac 3.99 Ha,BSCPL INFRASTRUCTURE LTD. MAUZA HATHAURI AREA 9.87 AC,Delisted,EC,
5,415,SIA/BR/MIN/31556/2019,SIA/1(a)/641/19,"Sand mining project on Ramnagar Karari Kachhar ghat on Ganga river over an area of 23.5 ha in district Patna, Bihar",BROADSON COMODITIES PVT LTD,Referred Back to SEAC(A),EC,
6,416,SIA/BR/MIS/230256/2021,SIA/8(a)/1592/2021,Proposed Commercial Cum Hotel Building by Kumar Infratrade Enterprises Pvt. Ltd.,KUMAR INFRATRADE ENTERPRISES PVT. LTD.,EC Granted,EC,
7,417,SIA/BR/MIN/33245/2019,,Proposed Sand Mining Project  of area 1.40 ha at Rampurwa-Banjaria Ghat on Gandak  River of District-Gopalganj  of State-Bihar,MR KAMAKHYA MISHRA,Pending at PP due to eds,EC,
8,418,SIA/BR/MIN/138248/2020,,"BRICK EARTH MINING PROJECT FOR MAUZA  MALTI, ASTHAWAN DISTRICT NALANDA AREA 2.95 Ac 1.19 Ha",M/S M.J.D. INT UDYOG PROP DHARMENDRA KUMAR.,Delisted,EC,
9,419,SIA/BR/MIN/138178/2020,,"BRICK EARTH MINING PROJECT FOR MAUZA MANDACHH, TELHARA, EKANGARSARAI, DISTRICT NALANDA, AREA 3.33 Ac 1.34 Ha",M/S SHUBHAM INT UDYOG PROP RAVI RANJAN KUMAR NIRALA,Delisted,EC,
10,420,SIA/BR/MIN/136737/2020,,M/S ANAND BRICKS,M/S ANAND BRICKS,Delisted,EC,
1,421,SIA/BR/MIS/197523/2021,SIA/8(a)/1277/2021,Warehouse Project,M/S ALCASO INFRASPACE PVT LTD,WithdrawEC,EC,
2,422,SIA/BR/MIS/33772/2017,SIA/8(a)/687/19,"Proposed Expansion of Residential Building “Winsome Empire” at Plot No.- 531 & 613 and 614,  Mauza- Sikandarpur, Thana- Danapur, District- Patna., Bihar",WINSOME EMPIRE,EC Granted,EC,
3,423,SIA/BR/MIN/145128/2020,,ORDINARY CLAY MINING PROJECT FOR BSCPL INFRASTRUCTURE LTD MAUZA GHOSRAMA,BSCPL INFRASTRUCTURE LTD. MAUZA GHOSRAMA AREA 12.18 AC,Delisted,EC,
4,424,SIA/BR/MIN/160308/2020,,ORDINARY CLAY MINING PROJECT FOR BSCPL INFRASTRUCTURE LTD MAUZA DHARAMPUR,BSCPL INFRASTRUCTURE LTD MAUZA DHARAMPUR AREA 12.34 AC.,Delisted,EC,
5,425,SIA/BR/MIN/34092/2019,,Jalhi Patti & Chikni patti Sand Ghat on Vanmadhar River,SUJEET KUMAR,Pending at PP due to eds,EC,
6,426,SIA/BR/MIS/256376/2022,SIA/8(a)/1912/2022,BD Crystal (Project of M/s Ashtha Homes Pvt. Ltd.),ASTHA HOMES PRIVATE LIMITED,EC Granted,EC,
7,427,SIA/BR/MIN/131350/2019,,"Proposed Brick Earth Mining Project of Area 3.26 Acres or 1.32 Hectare for M/S Krishna Bricks at Mauza: Dath & Nayanagar, P.S + Block- Hasanpur , District- Samastipur, State- Bihar",M/S KRISHNA BRICKS,Delisted,EC,
8,428,SIA/BR/IND2/47625/2019,SIA/5(g)/863/19,M/s Eastern India Biofuels Pvt. Ltd. (EIBPL),EASTERN INDIA BIOFUELS PRIVATE LIMITED,EC Granted,EC,
9,429,SIA/BR/MIN/128663/2019,,"Brick Earth Mining Project at Village- Tamkulha (Mahulia), P.O- Tamkulha(Mahulia), P.S- Jadia, Anchal- Triveniganj, District- Supaul (Bihar)",M/S ATP BRICKS,Delisted,EC,
10,430,SIA/BR/MIN/128483/2019,,M/s Pragati Enterprises,M/S PRAGATI ENTERPRISES,Delisted,EC,
1,431,SIA/BR/MIN/143696/2020,,M/s VIP Int Bhatha Udyog,M/S VIP INT BHATHA UDYOG,Delisted,EC,
2,432,SIA/BR/MIN/144010/2020,,ORDINARY CLAY MINING PROJECT FOR BSCPL INFRASTRUCTURE LTD,BSCPL INFRASTRUCTURE LTD MAUZA SUKHASAN AREA 12.34 AC,Delisted,EC,
3,433,SIA/BR/MIS/105737/2019,,Sai Enclave (Residential Building project of Sri Anuanand Construction Pvt Ltd.),SRI ANU ANAND CONSTRUCTION PVT. LTD,Delisted,EC,
4,434,SIA/BR/MIS/110998/2019,SIA/8(a)/982/2020,Construction of New Hospital Block at PMCH Patna,PATNA MEDICAL COLLEGE AND HOSPITAL,EC Granted,EC,
5,435,SIA/BR/MIN/136224/2020,,"BRICK EARTH MINING PROJECT FOR M/S C.B.M. BRICKS, MAUZA- DAULATPUR, ATHMALGOLA, PATNA, AREA- 2.50 Ac, 1.01 Ha","M/S. C. B. M. BRICKS, PROP- PRAMOD KUMAR",Delisted,EC,
6,436,SIA/BR/MIN/136832/2020,,M/S S R CHIMNEY UDYOG,M/S S R CHIMNEY UDYOG,Delisted,EC,
7,437,SIA/BR/MIN/136820/2020,,"BRICK EARTH MINING PROJECT FOR M/S. A X BRICKS, MAUZA- BRINDAVAN, THAWE, DISTRICT- GOPALGANJ, AREA- 3.42 Ac, 1.38 Ha","M/S. A X BRICKS, PROP- AMIR ALAM, MAUZA-NASIR CHHAPRA",Delisted,EC,
8,438,SIA/BR/MIN/149850/2020,,ORDINARY EARTH MINING PROJECT FOR M/S M P ENGICON MAUZA MAHARAJGANJ CHHAPRA SARAN AREA 0.81 Ac,M/P M.P ENGICON PART DILIP KUMAR SINGH,Delisted,EC,
9,439,SIA/BR/MIN/35003/2019,,"Report of Brick Earth Mining Project of Area 3.32 Acres or 1.34 Hectare for M/s  Radha Bricks at Mauza- Saidpur, P.O- Karauta, P.S- Salimpur, Block- Bakhtiyarpur, District-  Patna,  State- Bihar",RADHA BRICKS,Pending at PP due to eds,EC,
10,440,SIA/BR/MIN/188249/2020,,BSCPL INFRASTRUCTURE LTD AREA 1.61AC,BSCPL INFRASTRUCTURE LTD AREA 1.61 AC,Delisted,EC,
1,441,SIA/BR/IND3/69464/2021,SIA/5(f)/1714/2021,Setting up a Formaldehyde manufacturing unit M/s Samrat Laboratories,SAMRAT LABORATORIES,EC Granted,EC,
2,442,SIA/BR/MIN/128921/2019,,"Report of Brick Earth Mining Project of Area 2.63 Acer or 1.06 Ha M/s SKM Bricks at Mauza- Tilhar, P.S + Block- Khusropur, District- Patna, State- Bihar.",M/S SKM BRICKS,Delisted,EC,
3,443,SIA/BR/MIN/31397/2019,SIA/1(a)/649/19,"Sand mining project on Baga Bhikamchak ghat on Son river of District Bhojpur, Bihar",BROADSON COMODITIES PVT LTD,EC Granted,EC,
4,444,SIA/BR/MIN/131093/2019,,Proposed Brick Earth Mining Project,MS DONA SUKL BRICKS UDYOG,Delisted,EC,
5,445,SIA/BR/MIN/128099/2019,,"Report of Brick Earth Mining Project of Area 3.0 Acres or 1.21 Hectare for M/s K.B.C Bricks (Radha) at Mauza- Daulatpur, P.S- Fatuha, Block- Fatuha, District- Patna, State- Bihar",KBC BRICKS,Delisted,EC,
6,446,SIA/BR/MIN/31188/2019,SIA/1(A)/527/2018,"PROPOSED  NATRAJ  ENGINEERS  PVT.  LTD. STONE  MINING PROJECT AT VILLAGE: BARARI, DISTRICT: SHEKHPURA, STATE BIHAR",NATRAJ ENGINEERS PVT. LTD,EC Granted,EC,
7,447,SIA/BR/MIN/51397/2020,,Final EIA report of Jamui Kiul 4 Balu  ghat,M/S S.G. PROJECT LTD,Delisted,EC,
8,448,SIA/BR/MIS/282267/2022,SIA/8(a)/2042/2022,Revision  and   Expansion of Warehouse Project,M/S ALCASO INFRASPACE PVT LTD,EC Granted,EC,
9,449,SIA/BR/MIN/33784/2019,,Proposed Sand Mining Project of Area 4.60 Ha at Niyazipur Ghat  on Ganga River of District-Buxar of State-Bihar.,MS KATYAYNI CONTRACTORS PRIVATE LIMITED,Pending at PP due to eds,EC,
10,450,SIA/BR/MIN/34061/2019,,Koriyapatti Sand Ghat on Sursar River,SUJEET KUMAR,Pending at PP due to eds,EC,
1,451,SIA/BR/MIN/35003/2019,,"Report of Brick Earth Mining Project of Area 3.32 Acres or 1.34 Hectare for M/s  Radha Bricks at Mauza- Saidpur, P.O- Karauta, P.S- Salimpur, Block- Bakhtiyarpur, District-  Patna,  State- Bihar",RADHA BRICKS,Pending at PP due to eds,EC,
2,452,SIA/BR/MIN/31456/2019,SIA/1(a)/645/19,"Sand mining project at Sarimpur Bachri Ghat on Son river in district Bhojpur, Bihar",BROADSON COMODITIES PVT LTD,EC Granted,EC,
3,453,SIA/BR/MIN/130602/2019,,"Fatehpur  M/S –Maa Bricks Earth Mining Project ,Mauza- Fatehpur,tana no-25, khata no.-149,908,169 &788. Plot no.-1023, 1020,1061,1062&1053,Area-2.85Ac (1.15ha.)For production capacity5361.30TPA,P.S-Di",M\S MAA BRICKS PROPONENT VINDA RAY,Delisted,EC,
4,454,SIA/BR/MIN/144163/2020,,ORDINARY CLAY MINING PROJECT FOR BSCPL INFRASTRUCTURE LTD MAUZA BHADAS,BSCPL INFRASTRUCTURE LTD MAUZA BHADAS AREA 12.33 AC,Delisted,EC,
5,455,SIA/BR/MIN/141676/2020,,ORDINARY CLAY BSCPL INFRASTRUCTURE LTD MINING PROJECT FOR MAUZA PARTAPATTI HAYAGHAT BAHERI DARBHANGA AREA 8.05 Ac,BSCPL INFRASTRUCTURE LTD. MAUZA PARTAPATTI  AREA 8.05AC,Delisted,EC,
6,456,SIA/BR/MIN/51277/2019,SIA/1(a)/627/19,"Sand mining project at Rupas Ghat on Ganga river over an area of 14.8 ha in district Patna, Bihar",BROADSON COMODITIES PVT LTD,Referred Back to SEAC(A),EC,
7,457,SIA/BR/MIS/127441/2019,SIA/8(a)/699/19,IOB Galaxy Building,MS ASHIRWAD ENGICON PRIVATE LIMITED,EC Granted,EC,
8,458,SIA/BR/MIN/126420/2019,,"Godhna (Khasra/Plot(s) No. 1684, 1670, 1679, 1718, 172, 1684, 1667, 1683, 1606, 1626, 1622, 1671, 1671 1692 & 1669) soil brick mining project.",M/S MADHAV BRICKS INDUSTRIES,Delisted,EC,
9,459,SIA/BR/MIN/30949/2019,,"Balio sand ghat mining project of district Jamui, Bihar over an area of 23 ha",WESTLINK TRADING PRIVATE LIMITED,Delisted,EC,
10,460,SIA/BR/MIN/131128/2019,,"Proposed Brick Earth Mining Project of Area 3.00 Acres or 1.21 Hectare for M/S Ambika (Radha) Bricks at Vill- Benipur, P.O – Karauta, P.S- Salimpur, Block- Bakhtiyarpur District- Patna, State – Bihar",M/S AMBIKA (RADHA) BRICKS,Delisted,EC,
1,461,SIA/BR/MIN/17976/2015,SIA/1(a)/410/17,262,MS MAHADEV ENCLAVE PVT LTD,EC Granted,EC,
2,462,SIA/BR/MIN/66068/2017,SIA/1(a)/578/18,Sand Mining Project at Gausala Sand Ghat on Ulai River.,WESTLINK TRADING PRIVATE LIMITED,Delisted,EC,
3,463,SIA/BR/MIN/60663/2016,SIA/1(a)/383/16,"Sand mining project, at Katesar ghat",BROADSON COMODITIES PVT LTD,EC Granted,EC,
4,464,SIA/BR/MIN/66271/2017,SIA/1(a)/588/18,Sand Mining Project at Auraia Sand ghat on Sono River.,WESTLINK TRADING PRIVATE LIMITED,Delisted,EC,
5,465,SIA/BR/MIN/31593/2015,SIA/1(a)/34/2015,Brick Clay Mining Project of M/s Thakur Marka  Bricks,RAHUL PANDEY,Delisted,EC,
6,466,SIA/BR/MIN/131222/2019,,M/s J. HIND BRICKS,M/ S. J. HJND BRICKS,Delisted,EC,
7,467,SIA/BR/MIS/59244/2020,SIA/8(b)/1270/2020,INDIRA GANDHI INSTITUTE OF MEDICALSCIENCES (IGIMS),IGIMS,EC Granted,EC,
8,468,SIA/BR/MIN/135758/2020,,"Proposed Brick Earth Mining Project of Area 1.21 Hectare Or 3.00 Acre  M/s Chandani Int Udyog at Mauza- Matiaria, P.O + P.S + Block: Lauria, District-West Champaran, State – Bihar",M/SCHANDANI INT UDYOG,Delisted,EC,
9,469,SIA/BR/MIS/280088/2022,SIA/8(a)/2039/2022,Proposed Residential Building “ The Emperor” by Hira Panna Infra Projects LLP,HIRA PANNA INFRAPROJECTS LLP,EC Granted,EC,
10,470,SIA/BR/MIN/138886/2020,,"Brick Earth Mining Project at Village- Badauan, P.O- Dumri, P.S+Anchal- Fatehpur, District- Gaya(Bihar)",M/S- S.M.C EET UDYOG,Delisted,EC,
1,471,SIA/BR/MIN/30975/2019,SIA/1(a)/589/18,Balthar & Hanjro Sand Ghat  Mining Project,WESTLINK TRADING PRIVATE LIMITED,EC Granted,EC,
2,472,SIA/BR/MIN/30968/2019,SIA/1(a)/559/18,kendua Sand Ghat,WESTLINK TRADING PRIVATE LIMITED,EC Granted,EC,
3,473,SIA/BR/MIN/145088/2020,,"Proposed Brick Earth Mining Project of Area 1.35 Hectare Or 3.33 Acre M/s Jay Guru Dev Int Udyog  at  Vill/Mauza-  Garhatha Khurd, P.O-  Barhampur, P.S + Block- Barhampur, District- Buxar, State - Bih",M/S JAI GURU DEV INT UDYOG,Delisted,EC,
4,474,SIA/BR/MIS/60823/2020,,"Proposed commercial cum residential project of Mundeshwari Multicon Pvt. Ltd  at Usri  Sarari, Patna",MUNDESHWARI MULTICOM PVT. LTD.,Delisted,EC,
5,475,SIA/BR/MIN/132692/2019,,"M/s. SWASTIC BRICKS Project, For Production Capacity – 3629.70 cum (or 5081.58 TPA), Area-1.09Ha  (2.70Ac), Thana No.- 137, Khata  No. 147, Mauza - Bhergawan P.S. + Circle - Dhanarua, District- Patna,",SADAN KISHOR PRASAD,Delisted,EC,
6,476,SIA/BR/MIN/133672/2019,,"Bhelwa (Gata No. 2388,2378,2379,2384,2385,2386,2389,2393,2417,2420,2438,2439,2474,2475,2476,2522,2556,2684 )  brick earth (soil) mining project.",M/S RAJ LAXMI ENTERPRISES,Delisted,EC,
7,477,SIA/BR/MIN/154051/2020,,Brick Clay Mining for M/s BSCPL INFRASTRUCTURE LTD.,M/S BSCPL INFRASTRUCTURE LTD.,Delisted,EC,
8,478,SIA/BR/MIS/197523/2021,SIA/8(a)/1277/2021,Warehouse Project,M/S ALCASO INFRASPACE PVT LTD,WithdrawEC,EC,
9,479,SIA/BR/MIS/228225/2021,SIA/8(a)/1529/2021,Proposed Mall cum Residential Building “Golden Tower / Residency” by Concicon Construction Pvt. Ltd.,CONCICON CONSTRUCTION PVT. LTD.,EC Granted,EC,
10,480,SIA/BR/MIS/265417/2022,,"Proposed Expansion of “Bihar Animal Sciences University” at Patna, Bihar",BIHAR ANIMAL SCIENCES UNIVERSITY (BASU),Delisted,EC,
1,481,SIA/BR/MIN/417379/2023,SIA/1(a)/1913/2022,Jalwa Quartz-Quartzite (Silica Stone) Mine,IDIO CONSTRUCTION AND INDUSTRIES INDIA LTD,EC Granted,EC,
2,482,SIA/BR/MIN/429676/2023,SIA/1(a)/2053/2022,Proposed Sand Mining Project of Area 86.85 Ha at Aurangabad Ghat 04 on Sone River of District-Aurangabad State-Bihar.,RANGESH GAUTAM,EC Granted,EC,
3,483,SIA/BR/MIS/66585/2021,21-52/2021-IA-III,"Proposed Commercial and Residential Building “Nutan Crescent II” at Bhikhachak, Mauza-Chitkohra, Tehsil-Gardanibhag, Dist. - Patna, Bihar by Nutan Construction",NUTAN CRESCENT II,WithdrawEC,EC,
4,484,SIA/BR/MIN/69940/2017,,Proposed Sand Mining Project at Itma Sand Ghat on Mohana River,WESTLINK TRADING PRIVATE LIMITED,Delisted,EC,
5,485,SIA/BR/MIN/60427/2016,SIA/1(a)/365/16,Bathani river sand mine,MS SAINIK FOOD PVT LTD,EC Granted,EC,
6,486,SIA/BR/MIN/455465/2023,SIA/1(a)/2298/2023,Proposed Sand Mining Project of Area 5.54 Ha at Sand Block-03 Ghat on Anjana  River of District-Jamui of State-Bihar,RITESH RANJAN,EC Granted,EC,
7,487,SIA/BR/MIN/66288/2017,SIA/1(a)/550/18,Sand Mining Project at Rampur sand Ghat (Block no-14) on River Kiul,WESTLINK TRADING PRIVATE LIMITED,Delisted,EC,
8,488,SIA/BR/MIN/51422/2020,,Final EIA report of Jamui Kiul 6 Balu ghat,PREMIUM SOFT COKE INDUSTRIES,Delisted,EC,
9,489,SIA/BR/MIN/137271/2020,,"Brick Earth Mining Project at Mauza- Salarpur, P.S- Shankarpur, Anchal- Ismailpur, District- Bhagalpur (Bihar)",M/S- SHREESAI BRICKS INDUSTRIES,Delisted,EC,
10,490,SIA/BR/MIN/136501/2020,,"Brick Earth Mining Project at Village- Mahadevpur, P.O- Kharik, P.S- Kharik, District- Bhagalpur (Bihar)",M/S-BHAWANI BRICKS INT UDYOG,Delisted,EC,
1,491,SIA/BR/MIN/144706/2020,,"Brick Earth Mining Project At Village- Chharapatti, P.O- Siktiahi, P.S+Anchal- Khutauna, District- Madhubani(Bihar).",M/S KAMAT INT UDYOG,Delisted,EC,
2,492,SIA/BR/MIN/155332/2020,,Brick Clay Minin,M/S BSCPL INFRASTRUCTURE LTD.,Delisted,EC,
3,493,SIA/BR/MIN/51421/2020,,Jamui Kiul 1 balu ghat sand mining project,M/S JAI BABA BASUKI,Delisted,EC,
4,494,SIA/BR/MIS/282267/2022,SIA/8(a)/2042/2022,Revision  and   Expansion of Warehouse Project,M/S ALCASO INFRASPACE PVT LTD,EC Granted,EC,
5,495,SIA/BR/MIN/33570/2019,,Hirodiara Sand Ghat on Ganga River,KATYAYNI CONTRACTORS PVT. LTD.,Pending at PP due to eds,EC,
6,496,SIA/BR/MIN/148482/2020,,Brick Clay Mining,M/S RAJ ENT UDYOG.,Delisted,EC,
7,497,SIA/BR/MIN/51397/2020,,Final EIA report of Jamui Kiul 4 Balu  ghat,M/S S.G. PROJECT LTD,Delisted,EC,
8,498,SIA/BR/MIN/128921/2019,,"Report of Brick Earth Mining Project of Area 2.63 Acer or 1.06 Ha M/s SKM Bricks at Mauza- Tilhar, P.S + Block- Khusropur, District- Patna, State- Bihar.",M/S SKM BRICKS,Delisted,EC,
9,499,SIA/BR/MIN/31397/2019,SIA/1(a)/649/19,"Sand mining project on Baga Bhikamchak ghat on Son river of District Bhojpur, Bihar",BROADSON COMODITIES PVT LTD,EC Granted,EC,
10,500,SIA/BR/MIN/35409/2019,,"Proposed Brick Earth Mining Project of Area  3.0 Acres or  1.21 Hectare for M/s  K.B.C  Bricks  (Radha)  at Mauza-  Daulatpur, P.S-  Fatuha,  Block-  Fatuha,  District-  Patna,  State- Bihar.",KBC BRICKS,Pending at PP due to eds,EC,
1,501,SIA/BR/MIS/265417/2022,,"Proposed Expansion of “Bihar Animal Sciences University” at Patna, Bihar",BIHAR ANIMAL SCIENCES UNIVERSITY (BASU),Delisted,EC,
2,502,SIA/BR/MIN/35637/2019,,"Proposed Brick Earth Mining Project of Area 2.28 Acres or 0.92 Hectare M/s Mahal  Bricks  at Mauza + P.O- Sherpur, P.S + Block- Maner, District- Patna, State- Bihar",MS MAHAL BRICKS,Pending at PP due to eds,EC,
3,503,SIA/BR/MIN/132692/2019,,"M/s. SWASTIC BRICKS Project, For Production Capacity – 3629.70 cum (or 5081.58 TPA), Area-1.09Ha  (2.70Ac), Thana No.- 137, Khata  No. 147, Mauza - Bhergawan P.S. + Circle - Dhanarua, District- Patna,",SADAN KISHOR PRASAD,Delisted,EC,
4,504,SIA/BR/MIN/133672/2019,,"Bhelwa (Gata No. 2388,2378,2379,2384,2385,2386,2389,2393,2417,2420,2438,2439,2474,2475,2476,2522,2556,2684 )  brick earth (soil) mining project.",M/S RAJ LAXMI ENTERPRISES,Delisted,EC,
5,505,SIA/BR/MIN/154292/2020,,Brick Clay Mining,M/S BSCPL INFRASTRUCTURE LTD.,Delisted,EC,
6,506,SIA/BR/MIS/228225/2021,SIA/8(a)/1529/2021,Proposed Mall cum Residential Building “Golden Tower / Residency” by Concicon Construction Pvt. Ltd.,CONCICON CONSTRUCTION PVT. LTD.,EC Granted,EC,
7,507,SIA/BR/MIN/30943/2019,SIA/1(a)/577/18,Dumri Sand Ghat Mining Project,WESTLINK TRADING PRIVATE LIMITED,EC Granted,EC,
8,508,SIA/BR/MIN/30950/2019,SIA/1(a)/585/18,Bihari Sand Ghat mining project,WESTLINK TRADING PRIVATE LIMITED,EC Granted,EC,
9,509,SIA/BR/MIN/134008/2019,,"BRICK EARTH MINING PROJECT FOR M/S. PRASAD BRICKS INDUSTRIES, AT THANA NO. 390 & 392, MAUZA PHULWARIA & HARPURPARI, P.S PHULWARIA, CIRCLE TEGHARA, DISTRICT- BEGUSARAI, AREA 2.44 Ac, 0.98 Ha","M/S. PRASAD BRICKS INDUSTRIES, PROP- VIKASH KUMAR",Delisted,EC,
10,510,SIA/BR/MIN/134241/2019,,"Kalyanpur (Gata No. 1011,1012,1013,1014,1015, 1016,1009,1006,1004,1002,1001,1000,987, 979,990, 1003,991,992, 997,998,9)  brick earth (soil) mining project.",M/S SRI RAM BRICKS,Delisted,EC,
1,511,SIA/BR/MIN/154091/2020,,Brick Clay Mining for M/s M.G Contractors Pvt. Ltd,M/S JHAJHARIA GALVANO MAXWELL(JV),Delisted,EC,
2,512,SIA/BR/MIN/51134/2020,,Final EIA report of Jamui Kiul 8 Balu ghat,NITESH KUMAR SINGH HUF,Delisted,EC,
3,513,SIA/BR/MIN/147950/2020,,"Brick Earth Mining Project of Area 3.33 Acres or 1.34 Hectare M/S Sanjay Int Udyog at Mauza- Balia, P.O- Sadhupur, P.S- Ashok Paper Mill, Block-Hayaghat, District- Darbhanga, State- Bihar",M/S SANJAY INT UDYOG,Delisted,EC,
4,514,SIA/BR/MIN/147267/2020,,"Brick Earth Mining Project at Village- Hariharpur Lalgarh, P.O- Hariharpur Lalgarh, P.S- Barharia, District- Siwan (Bihar)",M/S SIR INT UDYOG,Delisted,EC,
5,515,SIA/BR/MIN/32540/2019,SIA/1(a)/679/19,Sand mining project at Madan Singh ka Bigha ghat 1 & 2 (cluster) on Son river over an area of 24 ha in district Arwal in Bihar,MOR MUKAT MARKETING PRIVATE LIMITED,Rejection Letter Granted,EC,
6,516,SIA/BR/MIN/30933/2019,SIA/1(a)/549/18,"Nagardar Sand ghat Mining Project of area 23.50 of District Lakhisarai , Bihar On Kiul River",WESTLINK TRADING PRIVATE LIMITED,EC Granted,EC,
7,517,SIA/BR/MIN/139756/2020,,ORDINARY CLAY MINING PROJECT FOR BSCPL INFRASTRUTURE LTD. MAUZA DIGHARI MANSI CHAUTHAM KHAGARIA,BSCPL INFRASTRUCTURE LTD. MAUZA DIGHARI AREA 11.00 AC,Delisted,EC,
8,518,SIA/BR/MIN/150196/2020,,ORDINARY CLAY MINING PROJECT FOR BSCPL INFRASTRUCTURE LTD,BSCPL INFRASTRUCTURE LTD MAUZA HARDIYA AREA 10.67 AC,Delisted,EC,
9,519,SIA/BR/MIN/34325/2019,,Tilathi Sand Ghat on Mirchiyadhar River,SUJEET KUMAR,Pending at PP due to eds,EC,
10,520,SIA/BR/MIN/35049/2019,,"Brick Earth Mining Project of Area 3.22 Acres or 1.30 Hectare for M/s Maa  Tara Int Udyog at Mauza + P.O- Dobhwan, P.S + Block- Pandarakh, District- Patna, State-  Bihar",MAA TARA INT UDYOG,Pending at PP due to eds,EC,
1,521,SIA/BR/MIN/146134/2020,,ORDINARY CLAY MINING PROJECT FOR BSCPL INFRASTRUCTURE LTD MAUZA DAHAWA KHAIRI KHUTAHA,BSCPL INFRASTRUCTURE LTD MAUZA DAHAWA KHAIRI KHUTHA AREA 12.33 AC,Delisted,EC,
2,522,SIA/BR/IND2/40509/2018,SIA/5(g)/691/19,"Proposed 100 KLPD molasses based distillery along with 4.0 MW co-generation power plant at Village Bucheya, Tehsil Sidhwalia, District Gopalganj, Bihar by Magadh Sugar & Energy Limited Unit: Bharat Su",MAGADH SUGAR & ENERGY LIMITED UNIT : BHARAT SUGAR MILLS (DISTILLERY DIVISION),EC Granted,EC,
3,523,SIA/BR/MIN/137865/2020,,"BRICK EARTH MINING PROJECT FOR M/S R D C INT UDYOG, MAUZA MUSAHARI, EKANGARSARAI, DISTRICT NALANDA, AREA 3.17 Ac, 1.28 Ha",M/S R.D.C. INT UDYOG PROP RANJEET KUMAR,Delisted,EC,
4,524,SIA/BR/MIN/137935/2020,,J SWASTIC S BRICKS,J SWASTIC S BRICKS,Delisted,EC,
5,525,SIA/BR/MIN/138844/2020,,ORDINARY CLAY MINING PROJECT FOR BSCPL INFRASTRUCTURE LTD MAUZA HATHWAN ALAULI KHAGARIA,BSCPL INFRASTRUCTURE LTD MAUZA HATHWAN AREA 9.03 AC,Delisted,EC,
6,526,SIA/BR/MIS/17349/2016,SIA/7(h)/337/16,5 MLD Common Effluent Treatment Plant,BIHAR INDUSTRIAL AREA DEVELOPMENT AUTHORITY,EC Granted,EC,
7,527,SIA/BR/MIN/440720/2023,SIA/1(a)/2276/2023,Proposed Sand Mining Project of Area  46.6 Hectare at Rohtas Sone  Ghat 06 on Sone River of District-Rohtas State-Bihar,UMA SINGH,EC Granted,EC,
8,528,SIA/BR/MIN/31626/2015,SIA/1(a)/42/2015,BRICK CLAY MINING PROJECT- RAJA INT UDYOG,RAJA INT UDYOG,Delisted,EC,
9,529,SIA/BR/MIN/58738/2016,SIA/1(a)/297/16,"Sand Mining project of Balu Ghat, Lakri Dhahi, Jagarnath Mishra Nagar & Bhagwatipur  Ghat  on  River  Burhi Gandak Dist- Muzaffarpur,State Bihar",UMESH KUMAR,Delisted,EC,
10,530,SIA/BR/MIN/66183/2017,SIA/1(a)/575/18,Sand Mining Project at Ghanshyamthan Koluha Sand Ghat on Barnar River.,WESTLINK TRADING PRIVATE LIMITED,Delisted,EC,
1,531,SIA/BR/MIN/137379/2020,,"Brick Earth Mining Project of Area 4.37 Acres or 1.77 Hectare for M/s RCM Bricks at Vill/Mauza- Matior, P.S- Patauri, Block- Mohanpur, District- Samastipur State - Bihar",M/S RCM BRICKS,Delisted,EC,
2,532,SIA/BR/MIN/136524/2020,,"BRICK EARTH MINING PROJECT FOR M/S AMAN BRICKS MAZUA GORGAON KORHA KATIHAR AREA 2.33 Ac, 0.94 Ha",M/S AMAN BRICKS PROP MD AMIR HUSSAIN,Delisted,EC,
3,533,SIA/BR/MIN/132402/2019,,M/s Manoj Bricks,M/S MANOJ BRICKS (MANOJ KUMAR),Delisted,EC,
4,534,SIA/BR/MIN/132230/2019,,"M/S INDIA  BRICKS, For Production Capacity -5034.96 TPA, Area-1.08ha (2.68Ac), Thana no-127, Khata no-64,66,72,88&94. Plot no.-238 ,242 , 243 ,244 ,254 ,199 ,198 ,218 ,217 , 178 ,206&208. Rupaspur, P.",M/S INDIA BRICKS RAJEEV KUMAR,Delisted,EC,
5,535,SIA/BR/MIN/148955/2020,,BRICKS EARTH MINING PROJECT FOR M/S BABA BRICKS MAUZA APHAUR KHAIRA Op NAGRA SARAN AREA 2.58 Ac,M/S BABA BRICKS PROP JAI PRAKASH MISHRA AREA 2.58,Delisted,EC,
6,536,SIA/BR/MIN/149374/2020,,ORDINARY CLAY MINING PROJECT FOR BSCPL INFRASTRUCTURE LTD MAUZA BALHA,BSCPL INFRASTRUCTURE LTD MAUZA BALHA AREA 9.33 AC,Delisted,EC,
7,537,SIA/BR/MIS/169094/2020,SIA/7(g)/1280/2021,"Passenger Ropeway at Vanavar Hills, District. Jehanabad , Bihar",DEPARTMENT OF TOURISM GOVT OF BIHAR,EC Granted,EC,
8,538,SIA/BR/MIN/31424/2019,SIA/1(a)/638/19,"Sand mining project at Fatehpur ghat -1 in district Sahar, Bhojpur, Bihar",BROADSON COMODITIES PVT LTD,EC Granted,EC,
9,539,SIA/BR/MIN/129814/2019,,"Proposed Brick Earth Mining Project of Area 3.00 Acres or 1.21 Hectare for M/s Radha Bricks at Vill: Sukumarpur, P.O- Jafrabad, P.S- Raghopur, District- Vaishali, State- Bihar",M/S RADHA BRICKS,Delisted,EC,
10,540,SIA/BR/MIN/131978/2019,,Proposed Brick Earth Mining,MS HARI INT UDYOG,Delisted,EC,
1,541,SIA/BR/MIN/130671/2019,,Proposed Brick Earth Mining Project,D.R.C BRICKS,Delisted,EC,
2,542,SIA/BR/MIN/131807/2019,,"Bricks Earth Mining Project at Mauza- Korai, P.O- Korai, P.S- Garhpura, District- Begusarai (Bihar)",M/S MUSKAN BRICKS,Delisted,EC,
3,543,SIA/BR/MIN/127013/2019,,"Simariya M/S –Maa Bricks Earth Mining Project ,Mauza- Simariya,tana no-500, khata no.-118,38,400&391. Plot no.-1037, 1057, 1048, &1049. Area-2.48Ac (1.00 ha.)For production capacity 4662 TPA,P.S.-Bara",M/S MAA BRICKS PROP:-RAM PRAVESH RAY,Delisted,EC,
4,544,SIA/BR/MIN/126317/2019,,me,M/S MARYADA EARTH,Delisted,EC,
5,545,SIA/BR/MIN/135863/2020,,"BRICK EARTH MINING PROJECT FOR M/S BHAWAN INT UDYOG, MAUZA- PABHERA, CIRCLE- DHANARUA, DISTRICT- PATNA, AREA- 2.66 Ac, 1.07 Ha",BHAWAN INT UDYOG PABHERA,Delisted,EC,
6,546,SIA/BR/MIN/136024/2020,,"BRICK EARTH MINING PROJECT FOR M/S. DIVYA SHAKTI INT UDYOG, MAUZA- KARASA, CIRCLE- BIKRAM, DISTRICT- PATNA, AREA- 2.59 Ac, 1.05 Ha","M/S. DIVYA SHAKTI INT UDYOG, PROP-MUKESH KUMAR SINHA",Delisted,EC,
7,547,SIA/BR/MIN/136307/2020,,S.B.M BRICKS,S.B.M BRICKS,Delisted,EC,
8,548,SIA/BR/MIN/130764/2019,,"Asurar (Khasra No. 1150, 1100,1097,1078,982,958, 956,894)  brick earth (soil) mining project.",M/S BHARAT-INT UDYOG,Delisted,EC,
9,549,SIA/BR/MIN/31033/2019,SIA/1(a)/622/19,"Sand mining project at Trikaul ghat on Son river in district Bhjpur, Bihar",BROADSON COMODITIES PVT LTD,EC Granted,EC,
10,550,SIA/BR/MIN/33741/2019,,Pipra Balu Ghat,VINAY  KUMAR,Pending at PP due to eds,EC,
1,551,SIA/BR/NCP/69872/2017,,"“THE HERITAGE”
(MALL & MULTIPLEX),
PROPOSED COMMERCIAL BUILDING PLOT NO -671,672,673,674.TAUZI NO. – 5276, THANA NO. : -
36, SURVEY THANA – DANAPUR, KHAGAUL, VILLAGE
MUSTAFAPUR, PATNA, BIHAR",M/S PLATINIUM HERITAGE HOME PVT. LTD.,Delisted,EC,
2,552,SIA/BR/NCP/63443/2017,,"Proposed Construction of Flyover (4 Lane carriageway) connecting Mithapur Flyover to Bhikhari Thakur (Yarpur) Flyover via             R. Block Junction in Patna Town, Bihar",BIHAR RAJYA PUL NIRMAN NIGAM LIMITED,Delisted,EC,
3,553,SIA/BR/MIN/59815/2016,SIA/1(a)/355/16,"KALISHTHAN BARIYAPUR OF GANGA RIVER TEHSIL BARIARPUR, DISTRICT MUNGER, BIHAR
ML AREA 6.4 HA.",NM FOOD PRODUCT PVT LTD,EC Granted,EC,
4,554,SIA/BR/MIN/18050/2015,SIA/1(a)/415/17,259,KATYAYNI CONTRACTORS PVT LTD,EC Granted,EC,
5,555,SIA/BR/MIN/59786/2016,SIA/1(a)/357/16,"over an area 10.4 Ha in Tehsil and District Munger, Bihar State",NM FOOD PRODUCT PVT LTD,EC Granted,EC,
6,556,SIA/BR/INFRA2/430285/2023,SIA/8(a)/2418/2023,"Proposed “Himalaya Medical College & Hospital” at Chiksi, Paliganj, Patna, Bihar run by Himalaya Educational Trust",RAMCHANDRA SAW,EC Granted,EC,
7,557,SIA/BR/MIN/17393/2016,SIA/1(a)/345/16,Nalanda Sand Blocks (Block I of Stretch I) Mining Project,MAHADEV ENCLAVE PVT LTD,EC Granted,EC,
8,558,SIA/BR/MIN/70404/2017,SIA/1(a)/529/18,STONE MINING PROJECT AT BLOCK NO-29,RAJ KUMAR SINGH,Delisted,EC,
9,559,SIA/BR/MIN/59838/2016,,"Balu/ Sand Mining (Minor Mineral); M.L. Area- 4.2 ha, Cat.- B2 at Tatia Ghat of Mahani River in Tehsil: Tetiha Bambor, District- Munger (Bihar).",NM FOOD PRODUCT PVT LTD,TransferToDEIAA,EC,
10,560,SIA/BR/MIN/440645/2023,SIA/1(a)/2085/2022,Proposed Sand Mining Project  of Area 98.8 Ha at Rohtas Ghat 07 on Son River of District- Rohtas State-Bihar,MOR MUKAT MARKETING PRIVATE LIMITED,EC Granted,EC,
1,561,SIA/BR/MIS/142940/2020,SIA/8(a)/989/2020,Government Medical College & Hospital At Begusarai,DEPARTMENT OF HEALTH GOVERMENT OF BIHAR,EC Granted,EC,
2,562,SIA/BR/MIN/141153/2020,,"Proposed Brick Earth Mining Project of Area 1.62 Hectare Or 4.00 Acre K Lal at  Mauza-  Padmaul,  P.S-  Mainatand,  Block-    Mainatand, District-West Champaran, State  -  Bihar",K LAL,Delisted,EC,
3,563,SIA/BR/MIN/35926/2019,,"Mauza- Arap, P.O- Arap, P.S + Block- Bikram, District- Patna, State- Bihar",HOME BRICKS COMPANY,Pending at PP due to eds,EC,
4,564,SIA/BR/MIN/136307/2020,,S.B.M BRICKS,S.B.M BRICKS,Delisted,EC,
5,565,SIA/BR/MIN/34160/2019,,Sitapur kamalpur Sand Ghat on Haiya River,SUJEET KUMAR,Pending at PP due to eds,EC,
6,566,SIA/BR/MIN/34270/2019,,Baskhora Harari Sand Ghat on Tilyuga River,SUJEET KUMAR,Pending at PP due to eds,EC,
7,567,SIA/BR/MIN/34575/2019,,Proposed Sand Mining Project of area 4.70 ha at Chamtha Ghat on  Ganga River of District- Begusarai of State-Bihar,RADHA SWAMI AUTOMOBILES,Pending at PP due to eds,EC,
8,568,SIA/BR/MIN/134073/2019,,B.T.C INT UDYOG,B.T.C INT UDYOG,Delisted,EC,
9,569,SIA/BR/MIN/31036/2019,SIA/1(a)/680/19,"Sand mining project at Ekbalganj Nisarpura ghat on Son river over an area of 24.5 ha in district Patna, Bihar",BROADSON COMODITIES PVT LTD,EC Granted,EC,
10,570,SIA/BR/MIN/144268/2020,,"Brick Earth Mining Project at Mauza- Pirojgarh, P.O- Tilath, P.S- Ghoghardiha, District- Madhubani (Bihar)",M/S- M.K.B INT UDYOG,Delisted,EC,
1,571,SIA/BR/MIN/132104/2019,,"Proposed Brick Earth Mining Project of Area 3.00 Acres or 1.21 Hectare for M/S RADHA BRICKS at Mauza- Madhopur Fathehpur, P.S- Didarganj, Block- Patna Sadar, District- Patna, State- Bihar",M/SRADHA BRICKS,Delisted,EC,
2,572,SIA/BR/MIN/132405/2019,,"Brick Earth Mining Project at Mauza- Dhutauli, P.O- Bhutauli Malpa, P.S- Chautham, Anchal- Chautham, District- Khagaria (Bihar)",M/S GAYTRI BRICKS INT UDYOG,Delisted,EC,
3,573,SIA/BR/MIN/132131/2019,,"Pali  M/S –RANJANA ENTERPRISES  Earth Mining Project Mauza- Pali, Thana No.- 156, Khata No.- 371, 222, 134, Plot No.- 1715, 1717, 1835, 922, 946, 1868, 1807.,Area-1.01 ha or (2.52 Ac) For production c",M/S RANJANA ENTERPRISES RAMRAJ SHARMA,Delisted,EC,
4,574,SIA/BR/MIN/132681/2019,,"Proposed Brick Earth Mining Project of Area 4.23 Acres or 1.71 Hectare for M/s Ratan Bricks Industries at Vill/Mauza- Bajitpur, P.S- Vidyapati Nagar, Block- Vidyapati Nagar (Dalsingh Sarai), District-",M/S RATAN BRICKS INDUSTRIES,Delisted,EC,
5,575,SIA/BR/MIN/147251/2020,,"Brick Earth Mining Project at Village- Navtoli, P.O- Auraha, P.S- Laukahi, District- Madhubani(Bihar)",M/S AMAN INT UDYOG,Delisted,EC,
6,576,SIA/BR/MIN/33570/2019,,Hirodiara Sand Ghat on Ganga River,KATYAYNI CONTRACTORS PVT. LTD.,Pending at PP due to eds,EC,
7,577,SIA/BR/IND3/69464/2021,SIA/5(f)/1714/2021,Setting up a Formaldehyde manufacturing unit M/s Samrat Laboratories,SAMRAT LABORATORIES,EC Granted,EC,
8,578,SIA/BR/MIN/148482/2020,,Brick Clay Mining,M/S RAJ ENT UDYOG.,Delisted,EC,
9,579,SIA/BR/MIS/195643/2021,,Commercial cum residential project of Mundeshwari Multicon Pvt. Ltd at Usri Sarari Danapur Patna,MUNDESHWARI MULTICOM PVT. LTD.,Delisted,EC,
10,580,SIA/BR/MIN/130932/2019,,M/S. RAHUL BRICKS,M/S. RAHUL BRICKS,Delisted,EC,
1,581,SIA/BR/MIN/64505/2017,SIA/1(a)/477/17,Sand mining Project at Fatehpur Ghat on Falgu River,WESTLINK TRADING PRIVATE LIMITED,EC Granted,EC,
2,582,SIA/BR/INFRA2/409622/2022,SIA/8(a)/2074/2022,"Construction of Permanent Structures in Campus of S.D.R.F. Bihta, Patna on EPC (Engineering Procurement and Construction) basis",Public Works Department,EC Granted,EC,
3,583,SIA/BR/NCP/64052/2017,,"Commercial Project “Delight Mall FO” at Plot No.-49, 54, 55, 56 & 57, Khata No.-84, 90 & 94, Tauzi No.-5519, Thana No.-22 Mauza- Jalalpur, Thana-Danapur Patna Bihar",MERIDIAN CONSTRUCTION INDIA LIMITED,Delisted,EC,
4,584,SIA/BR/MIN/444067/2023,SIA/1(a)/2346/2023,Sand Mining Project of Area 45.0 Ha at Bhojpur Ghat 36 on Sone River of District-Bhojpur State-Bihar.,SUSHIL KUMAR,EC Granted,EC,
5,585,SIA/BR/MIN/430260/2023,SIA/1(a)/2072/2022,Sand Mining Project at Kiul River Cluster II (Block No.- 11 & 12) Lakhisarai Sand Ghat over an area of 32.0 Hect.,GOPAL KUMAR,EC Granted,EC,
6,586,SIA/BR/MIN/60871/2016,SIA/1(a)/401/16,Sand Mining Project at Dariapur Ghat on river Ganga,BROADSON COMODITIES PVT LTD,EC Granted,EC,
7,587,SIA/BR/MIN/446997/2023,SIA/1(a)/2443/2023,Sand Mining Project of Unit-3  sand ghats of total Area 9.28 Ha at Bagmati  River of District-Sheohar of State-Bihar,BABA BHUBANESWAR NATH CONSTRUCTION PRIVATE LIMITED,EC Granted,EC,
8,588,SIA/BR/INFRA2/416357/2023,,Proposed Residential Building,RAJIV RANJAN,Delisted,EC,
9,589,SIA/BR/IND1/406346/2022,SIA/3(a)/1713/2021,Alaknanda Metals Private Limited,ALAKNANDA METALS PRIVATE LIMITED,EC Granted,EC,
10,590,SIA/BR/INFRA2/416940/2023,SIA/8(a)/2309/2023,"Proposed Rajikiya Ayodhya Shiv Kumari Ayurvedic Hospital & College  at Begusarai, Bihar.                                                                                                                            Total Plot Area:  29059.21 Sqm. Total Built-up Area: 69147.13 Sqm.",BIHAR MEDICAL SERVICES AND INFRASTRUCTURE CORPORATION LIMITED,EC Granted,EC,
1,591,SIA/BR/MIN/60516/2016,SIA/1(a)/379/16,"Sand Mining Project at Sharwan Dumri on River Falgu, district Jehanabad, Bihar",BANSHIDHAR CONSTRUCTION PVT LTD,EC Granted,EC,
2,592,SIA/BR/NCP/65336/2017,SIA/8(a)/504/17,"Proposed Residential and Commercial Building “Devendra Green City” at  Opp. Mahindra Commercial Vehicle Showroom, SH-01, Patna-Gaya road, District- Patna., Bihar",MAHENDRA GREEN HOMES PVT LTD,EC Granted,EC,
3,593,SIA/BR/MIN/64382/2017,SIA/1(a)/482/17,Sand Mining Project at Pachmahla Ghat on Morhar River,WESTLINK TRADING PRIVATE LIMITED,EC Granted,EC,
4,594,SIA/BR/MIS/29857/2015,SIA/8(a)/61/2015,"Proposed Medical College at Golma, Saharsa, Bihar by Radha Ballabh Medical Foundation Trust.",RADHA BALLABH MEDICAL FOUNDATION TRUST,Delisted,EC,
5,595,SIA/BR/MIN/41127/2019,SIA/1(a)/578/18,Gausala Sand Ghat,WESTLINK TRADING PRIVATE LIMITED,EC Granted,EC,
6,596,SIA/BR/MIN/41235/2019,SIA/1(a)/588/18,Auraia Sand Ghat,WESTLINK TRADING PRIVATE LIMITED,EC Granted,EC,
7,597,SIA/BR/MIN/30965/2019,SIA/1(a)/581/18,kendih Sand Ghat,WESTLINK TRADING PRIVATE LIMITED,EC Granted,EC,
8,598,SIA/BR/MIN/31025/2019,SIA/1(a)/563/18,Smarak Sand Ghat,WESTLINK TRADING PRIVATE LIMITED,EC Granted,EC,
9,599,SIA/BR/MIN/143766/2020,,"Brick Earth Project at Mauza- Shivnagar, P.O- Shivnagar, P.S- Tikari, District- Gaya(Bihar)",M/S SARASWATI CONSTRUCTION,Delisted,EC,
10,600,SIA/BR/MIN/31157/2019,SIA/1(a)/526/2018,"Natraj Iron & Castings Pvt. Ltd.  Stone Mining Project at village: Chakandara / Barari, block- chewra, district- Sheikhpura, State: Bihar",NATRAJ IRON & CASTINGS PVT. LTD,EC Granted,EC,
1,601,SIA/BR/MIN/66094/2017,SIA/1(a)/558/18,Sand Mining Project at Garsanda Sand Ghat on Kiul River.,WESTLINK TRADING PRIVATE LIMITED,Delisted,EC,
2,602,SIA/BR/INFRA2/402600/2022,,Ujjwal Homes Private Limited,UJJWAL HOMES PRIVATE LIMITED,Pending at PP due to eds,EC,
3,603,SIA/BR/MIN/30954/2015,3490,Ratan Int Udyog,AMIT ENVIRO,Delisted,EC,
4,604,SIA/BR/MIN/60614/2016,SIA/1(a)366-A/16,"Proposed Sand Mining Project of Area 24 Ha at Jhaua-Gosaipur Dighwara Ghat on
Ganga River of District- Saran of State- Bihar",BROADSON COMODITIES PVT LTD,Delisted,EC,
5,605,SIA/BR/MIN/437453/2023,SIA/1(a)/2082/2022,Proposed Sand Mining Project of Area 39.97  Ha at Aurangabad Ghat 07 on Sone River of District-Aurangabad  State-Bihar.,KUMAR HARSH,EC Granted,EC,
6,606,SIA/BR/MIN/66034/2017,SIA/1(a)/553/18,Sand Mining Project at Jhinaura Sand Ghat (Block no-9) on Kiul River.,WESTLINK TRADING PRIVATE LIMITED,Delisted,EC,
7,607,SIA/BR/MIN/66030/2017,SIA/1(a)/546/18,Sand Mining Project at Ghosi Kundi Sand Ghat (Block-5) on Kiul River,WESTLINK TRADING PRIVATE LIMITED,Delisted,EC,
8,608,SIA/BR/MIN/60868/2016,SIA/1(a)/398/16,Sand Mining Project at Hardi Chapra Ghat on river Ganga,BROADSON COMODITIES PVT LTD,EC Granted,EC,
9,609,SIA/BR/MIN/60664/2016,SIA/1(a)/394/16,Sand mining Project at pipapur & Panapur ghat,BROADSON COMODITIES PVT LTD,EC Granted,EC,
10,610,SIA/BR/MIN/30937/2015,SIA/1(a)/02/2015,STONE MINING PROJECT-NECL-B2,NAVAYUGA ENGINEERING COMPANY LTD,Delisted,EC,
1,611,SIA/BR/MIN/134667/2020,,"SINGHWAHINI M/S SAH INT UDYOG project, for   Production Capacity 5361.30 TPA, Mine Area, 2.86 Acres (1.15 Ha), bearing Revenue Thana No.-63, Khata No.- 135 & 228, Plot No.- 5491, 5504 & 5494 Mauza- Si",M/S SAH INT UDYOG PART DEVENDRA SAH AND VIJAY SAH,Delisted,EC,
2,612,SIA/BR/MIN/445780/2023,SIA/1(a)/2280/2023,Sand Ghat Mining Project (Jamui Kiul Block - 05) at Kiul River bed,RATAN COAL TRADING PRIVATE LIMITED,EC Granted,EC,
3,613,SIA/BR/MIN/31243/2015,SIA/1(a)/08/2015,Brick Clay Mining Project-Shivam Bricks-B2,SHIVAM BRICKS,Delisted,EC,
4,614,SIA/BR/MIN/443750/2023,SIA/1(a)/2356/2023,Sand Ghat Mining Project (Jamui Kiul Block - 03) at Riverbed of Kiul River,SANJAY KUMAR,EC Granted,EC,
5,615,SIA/BR/MIN/440801/2023,SIA/1(a)/2331/2023,"Proposed Sand Mining Project of Area 65.9 Ha at Kiul River Block -13, District- Jamui, State - Bihar on River Kiul.",SHIVAM COKE PRIVATE LTD,EC Granted,EC,
6,616,SIA/BR/MIN/64380/2017,SIA/1(a)/489/17,Sand Mining Project on Morabbi Chak Ghat at Paimar River,WESTLINK TRADING PRIVATE LIMITED,EC Granted,EC,
7,617,SIA/BR/MIN/70065/2017,,Proposed Sand Mining Project at Ishwarpur Sand Ghat on Morhar River,WESTLINK TRADING PRIVATE LIMITED,Delisted,EC,
8,618,SIA/BR/MIN/417379/2023,SIA/1(a)/1913/2022,Jalwa Quartz-Quartzite (Silica Stone) Mine,IDIO CONSTRUCTION AND INDUSTRIES INDIA LTD,EC Granted,EC,
9,619,SIA/BR/MIN/429676/2023,SIA/1(a)/2053/2022,Proposed Sand Mining Project of Area 86.85 Ha at Aurangabad Ghat 04 on Sone River of District-Aurangabad State-Bihar.,RANGESH GAUTAM,EC Granted,EC,
10,620,SIA/BR/MIS/66585/2021,21-52/2021-IA-III,"Proposed Commercial and Residential Building “Nutan Crescent II” at Bhikhachak, Mauza-Chitkohra, Tehsil-Gardanibhag, Dist. - Patna, Bihar by Nutan Construction",NUTAN CRESCENT II,WithdrawEC,EC,
1,621,SIA/BR/MIN/51859/2020,,"Proposed Sand Mining Project at Bhojpur Son 34 Balu Ghat on Son River, Area: 53.60 Hectares, Village – Phulari, P.S– Sandesh, Anchal- Sandesh, District-Bhojpur (Bihar)",RAHUL RANVIR,Delisted,EC,
2,622,SIA/BR/MIN/130953/2019,,"Bhanachak (Gata No. 598,600,601,602, 603,568,561,606,564) brick earth (soil) mining project.",M/S KUSHWAHA BRICKS INDUSTRIES,Delisted,EC,
3,623,SIA/BR/MIN/130784/2019,,"Proposed Brick Earth Mining Project of Area 3.89 Acres or 1.58 Hectare for M/s Maa Bricks at Vill- Alipur, P.O- Alipur, P.S- Sigori, Block- Paliganj, District- Patna, State - Bihar",M/S MAABRICKS,Delisted,EC,
4,624,SIA/BR/MIN/135863/2020,,"BRICK EARTH MINING PROJECT FOR M/S BHAWAN INT UDYOG, MAUZA- PABHERA, CIRCLE- DHANARUA, DISTRICT- PATNA, AREA- 2.66 Ac, 1.07 Ha",BHAWAN INT UDYOG PABHERA,Delisted,EC,
5,625,SIA/BR/MIN/136024/2020,,"BRICK EARTH MINING PROJECT FOR M/S. DIVYA SHAKTI INT UDYOG, MAUZA- KARASA, CIRCLE- BIKRAM, DISTRICT- PATNA, AREA- 2.59 Ac, 1.05 Ha","M/S. DIVYA SHAKTI INT UDYOG, PROP-MUKESH KUMAR SINHA",Delisted,EC,
6,626,SIA/BR/MIS/279195/2022,SIA/8(a)/2040(Exp)/2022,CRYSTAL APEX,SINGH ENGICON INDIA PRIVATE LIMITED,EC Granted,EC,
7,627,SIA/BR/MIN/34160/2019,,Sitapur kamalpur Sand Ghat on Haiya River,SUJEET KUMAR,Pending at PP due to eds,EC,
8,628,SIA/BR/MIN/34270/2019,,Baskhora Harari Sand Ghat on Tilyuga River,SUJEET KUMAR,Pending at PP due to eds,EC,
9,629,SIA/BR/MIN/34575/2019,,Proposed Sand Mining Project of area 4.70 ha at Chamtha Ghat on  Ganga River of District- Begusarai of State-Bihar,RADHA SWAMI AUTOMOBILES,Pending at PP due to eds,EC,
10,630,SIA/BR/MIN/131259/2019,,"Proposed Brick Earth Mining Project of Area 3.00 Acres or 1.21 Hectare for M/s Radha Bricks at Mauza- Bikrampur, P.O + P.S + Block- Fatuah, District- Patna, State- Bihar",M/S RADHA   BRICKS,Delisted,EC,
1,631,SIA/BR/MIN/130953/2019,,"Bhanachak (Gata No. 598,600,601,602, 603,568,561,606,564) brick earth (soil) mining project.",M/S KUSHWAHA BRICKS INDUSTRIES,Delisted,EC,
2,632,SIA/BR/MIS/69268/2019,SIA/8(b)/688/2019,"VARDHMAN INSTITUTE OF MEDICAL SCIENCES (VIMS) AT MAUZA- DASHRATPUR,  THANA:- PAWAPURI, DISTRICT:- NALANDA, BIHAR",VARDHMAN INSTITUTE OF MEDICAL SCIENCES,Delisted,EC,
3,633,SIA/BR/MIS/70669/2021,SIA/8(b)/1851/2021,"BIHAR ANIMAL SCIENCES UNIVERSITY (BASU) AT PATNA, BIHAR",BIHAR ANIMAL SCIENCES UNIVERSITY (BASU),EC Granted,EC,
4,634,SIA/BR/MIN/66035/2017,SIA/1(a)/541/18,Sand Mining Project at Khairi Sand Ghat (Block no-6) on Kiul River,WESTLINK TRADING PRIVATE LIMITED,Delisted,EC,
5,635,SIA/BR/IND2/19502/2017,,INDIAN OIL CORPORATION LTD,INDIAN OIL CORPORATION LIMITED PATNA,Delisted,EC,
6,636,SIA/BR/MIN/59809/2016,,"Balu/ Sand Mining (Minor Mineral) Category- B2 (M.L. Area- 1.7 ha) with Production Capacity of 15000 TPA at Singhiya Ghat of Ganga River in Tehsil: Jamalpur, District: Munger (Bihar).",NM FOOD PRODUCT PVT LTD,TransferToDEIAA,EC,
7,637,SIA/BR/MIN/60709/2016,SIA/1(a)/391/16,"Proposed Sand Mining Project of Area 24 Ha at Chilka Tola Ghat on Son River of
District-Patna of State-Bihar",BROADSON COMODITIES PVT LTD,EC Granted,EC,
8,638,SIA/BR/MIN/441084/2023,SIA/1(a)/2324/2023,Proposed Sand Mining Project of Area 34 Ha at Bhojpur Ghat 03 on Sone River of District-Bhojpur State-Bihar.,MAA RAJESHWARI CONSTRUCTION PRIVATE LIMITED,EC Granted,EC,
9,639,SIA/BR/MIN/74975/2018,SIA/1(a)/527/18,"Proposed  Stone  Mining  Project  at  Village:  Barari,   District:   Shekhpura, State: Bihar",NATRAJ ENGINEERS PVT. LTD,Delisted,EC,
10,640,SIA/BR/MIN/443913/2023,SIA/1(a)/2329/2023,Sand Mining Project of Area 86.4 Ha at Sand Block-05 Ghat on Son  River of District-Rohtas of State-Bihar,SANJAY KUMAR,EC Granted,EC,
1,641,SIA/BR/MIN/31874/2015,SIA/1(a)/52/2015,Sahara Int Udyog,BHAIRAV RAI,Delisted,EC,
2,642,SIA/BR/MIN/31245/2015,SIA/1(a)/09/2015,BRICK CLAY MINING PROJECT-ABS INT UDYOG-B2,A B S INT UDYOG,Delisted,EC,
3,643,SIA/BR/MIN/443302/2023,SIA/1(a)/2265/2023,Sand Ghat Mining Project (Anjana river Block – 02),SHOURYA SHEKHAR,EC Granted,EC,
4,644,SIA/BR/MIN/66032/2017,SIA/1(a)/542/18,Sand Mining Project at Mahisona Sand Ghat (Block no-7) on Kiul River.,WESTLINK TRADING PRIVATE LIMITED,Delisted,EC,
5,645,SIA/BR/RIV/26099/2016,SIA/1(c)/428/17,"""KUNDAGHAT RESERVOTR scHEME"", District- Jamui, Village:- Sikandra, Tehsil:- Sikandra, District:- Jamui",WATER RESOURCE DEPARTMENT GOVERNMENT OF BIHAR,Delisted,EC,
6,646,SIA/BR/MIN/31562/2015,SIA/1(a)/28/2015,BRICK CLAY MINING PROJECT- GANESH INT UDYOG,GANESH INT UDYOG,Delisted,EC,
7,647,SIA/BR/MIN/446668/2023,SIA/1(a)/2395/2023,Saharsa Tilawe River Unit 01,ABHISHEK SINGH,EC Granted,EC,
8,648,SIA/BR/MIN/32580/2015,SIA/1(a)/55/2015,Brick Kiln Mining Project,NATIONAL BRICKS FIELD,Delisted,EC,
9,649,SIA/BR/MIN/148955/2020,,BRICKS EARTH MINING PROJECT FOR M/S BABA BRICKS MAUZA APHAUR KHAIRA Op NAGRA SARAN AREA 2.58 Ac,M/S BABA BRICKS PROP JAI PRAKASH MISHRA AREA 2.58,Delisted,EC,
10,650,SIA/BR/MIN/149374/2020,,ORDINARY CLAY MINING PROJECT FOR BSCPL INFRASTRUCTURE LTD MAUZA BALHA,BSCPL INFRASTRUCTURE LTD MAUZA BALHA AREA 9.33 AC,Delisted,EC,
1,651,SIA/BR/MIN/51134/2020,,Final EIA report of Jamui Kiul 8 Balu ghat,NITESH KUMAR SINGH HUF,Delisted,EC,
2,652,SIA/BR/MIN/136165/2020,,"Mauza- Rampur Kanth M/S RANA PRATAP SINGH Production Capacity -37762.20 TPA, Area-1.62 ha(4.01Ac) ,Thana No-78 Khata No-251, Plot No 1317, 1318, 1319, 1325, 1326, 1327,1328, 1329, 1331, 1332, 1333 & 1",M/S RANA PRATAP SINGH PROP- RANA PRATA SINGH,Delisted,EC,
3,653,SIA/BR/MIN/137606/2020,,Brick Earth Mining Project M/s Sona Bricks,RAJESH KUMAR BHAGALPUR,Delisted,EC,
4,654,SIA/BR/MIN/32190/2019,SIA/1(a)/529/18,"Stone Mine Project at Plot No.-1810 (P), Block No.- 29 in Mauja-Chandi of district Seikhpura, Bihar",RAJ KUMAR SINGH,EC Granted,EC,
5,655,SIA/BR/MIN/143997/2020,,ORDINARY CLAY MINING PROJECT FOR BSCPL INFRASTRUCTURE LTD,BSCPL INFRASTRUCTURE LTD MAUZA PUNWA AREA 11.24 AC,Delisted,EC,
6,656,SIA/BR/MIN/144177/2020,,ORDINARY CLAY MINING PROJECT FOR BSCPL INFRASTRUCTURE LTD MAUZA AMBAICHARUA,BSCPL INFRASTRUCTURE LTD MAUZA AMBAICHARUA AREA 9.68 AC,Delisted,EC,
7,657,SIA/BR/MIN/144479/2020,,"Soil Mining project at Village- Bojhwa & Dhanpur, Post- Bhatta, P.S- Kashichak, District- Nawada(Bihar)",M/S- RAM KRIPAL SINGH CONST. PVT. LTD.,Delisted,EC,
8,658,SIA/BR/MIS/175928/2020,SIA/8(a)/1261/2020,Upgradation of Regional Institute of Ophthalmology (RIO) under Pradhan Mantri Swasthaya Suraksha Yojana (PMSSY) Phase- V (B) at IGIMS,INDIRA GANDHI INSTITUTE OF MEDICAL SCIENCES,Rejection Letter Granted,EC,
9,659,SIA/BR/MIN/137970/2020,,M/S GOPAL BRICKS,M/S GOPAL BRICKS,Delisted,EC,
10,660,SIA/BR/MIN/138575/2020,,"Samastipur (Khasra No. 645, 408, 410, 471, 472 ) soil brick mining project.",M/S JANTA BRICKS,Delisted,EC,
1,661,SIA/BR/MIN/66128/2017,SIA/1(a)/574/18,Sand Mining Project at Khairma Pul Par Sand Ghat on River Kiul,WESTLINK TRADING PRIVATE LIMITED,Delisted,EC,
2,662,SIA/BR/MIN/444351/2023,SIA/1(a)/2333/2023,"Proposed Sand Mining Project of Area 11 Ha at Darbhanga Sand Cluster/Unit No.- 01, Block-01 & 02 Sand Ghat on Bagmati River of District-Darbhanga, State-Bihar.",AMIT KUMAR,EC Granted,EC,
3,663,SIA/BR/MIN/66273/2017,,Sand Mining Project at Pipra Sand Ghat on Patro River.,WESTLINK TRADING PRIVATE LIMITED,Delisted,EC,
4,664,SIA/BR/MIN/31378/2015,SIA/1(a)/16/2015,Clay Mining Project of M/s Rani Int Udyog,RAMASHANKAR YADAV,Delisted,EC,
5,665,SIA/BR/MIN/31594/2015,SIA/1(a)/35/2015,Brick Clay Mining Project of M/s Balaji  Marka  Bricks,SUNIL KUMAR SINGH,Delisted,EC,
6,666,SIA/BR/MIN/59836/2016,SIA/1(a)/353/16,"TULSIPUR 1 2 GHAT OF MAHANIRIVER
TEHSIL TETIHA BAMBOR, DISTRICT MUNGER, BIHAR
M.L. AREA 7.45 HA",NM FOOD PRODUCT PVT LTD,EC Granted,EC,
7,667,SIA/BR/MIN/456825/2023,,"Sand Mining Project, Block 34 (Gaya Morhar 21) Sand Ghat of District- Gaya, State-Bihar.",LAKSHITA CONSTRUCTION,Pending at PP due to eds,EC,
8,668,SIA/BR/MIN/48970/2016,,"River Sand (Minor Mineral) Mining Project for Sikraul Ghat (209587.5 TPA), Area 10.35 ha, 
in District- Buxar (Bihar)",MS KATYAYNI CONTRACTORS PVT LTD,Delisted,EC,
9,669,SIA/BR/MIN/436796/2023,SIA/1(a)/2274/2023,Proposed Sand Mining Project of Area 86.99 Ha at Aurangabad Ghat 26 on Sone River of District-Aurangabad State-Bihar,GUNNA & GRAND INFRA PRIVATE LIMITED,EC Granted,EC,
10,670,SIA/BR/MIN/66180/2017,,Sand Mining Project at Maldevdih-Baliadabar Sand Ghat on Ajay River,WESTLINK TRADING PRIVATE LIMITED,Delisted,EC,
1,671,SIA/BR/MIN/138166/2020,,"BRICK EARTH MINING PROJECT FOR M/S JAI MAA BRICKS, MAUZA BADALPUR, TELHARA, EAKANGARSARAI, NALANDA, AREA 3.43 Ac",M/S JAI MAA BRICKS PROP SATENDRA PRASAD,Delisted,EC,
2,672,SIA/BR/MIN/33568/2019,,Danrihar Sand Ghat on Bagra River,KATYAYNI CONTRACTORS PVT. LTD.,Pending at PP due to eds,EC,
3,673,SIA/BR/MIN/33778/2019,,Proposed Sand Mining Project of Area 4.82 Ha at Ahirauli Ghat on Ganga River of District-Buxar of State-Bihar,MS KATYAYNI CONTRACTORS PRIVATE LIMITED,Pending at PP due to eds,EC,
4,674,SIA/BR/MIN/33992/2019,,Lachhminiya Sand Ghat on Saptgandhi River,SUJEET KUMAR,Pending at PP due to eds,EC,
5,675,SIA/BR/MIN/142974/2020,,BRICK EARTH MINING PROJECT FOR M/S BHARAT & RAJA INT UDYOG MAUZA BHAWANIPUR SANGRAMPUR EAST CHAMPARAN AREA 2.93 Ac,M/S BHARAT & RAJA INT UDYOG,Delisted,EC,
6,676,SIA/BR/MIN/30885/2019,SIA/1(a)/620/19,"Sand mining project on Bherharia ghat on Son river over an area of 24.9 ha in district Patna, Bihar",BROADSON COMODITIES PVT LTD,EC Granted,EC,
7,677,SIA/BR/MIN/141013/2020,,ORDINARY CLAY MINING PROJECT FOR BSCPL INFRASTRUCTURE LTD,BSCPL INFRASTRUCTURE LTD MAUZA BARDAUNI AREA 12.34AC,Delisted,EC,
8,678,SIA/BR/MIN/59071/2020,,Balu Ghat Mining Project (Patna Son 1 Balu Ghat),SHRI BIJENDRA   SINGH,Pending at PP due to eds,EC,
9,679,SIA/BR/MIN/130063/2019,,"Dahimor, Shiwala, Bakhri Path (Khata No – 93. Khasra/Plot(s) No. 80,18,21)  brick earth (soil) mining project.",M/S KHAGARIA BRICK INDUSTRIES PRIVATE LIMITED,Delisted,EC,
10,680,SIA/BR/MIN/129833/2019,,Sand Mining Project at Runnisaidpur   Sand Ghat (4.80 Ha.) on Baghmati riverbed in Sitamarhi district of Bihar,NAVEENKUMAR SITAMARHI,Delisted,EC,
1,681,SIA/BR/MIN/167779/2020,,Brick Clay Mining Project,N.B.F. BRICKS,Delisted,EC,
2,682,SIA/BR/MIN/138866/2020,,"Proposed Brick Earth Mining Project of Area 3.00 Acres or 1.21 Hectare for M/S Hathi Bricks at Village- Jagdishpur, P.O- Dariyapur, P.S - Gangta, Block- Maner, District- Patna, State – Bihar",M/S HATHI BRICKS,Delisted,EC,
3,683,SIA/BR/MIN/139040/2020,,"Baramdia (Khasra/Plot(s) No. 2409, 2492, 2461 & 2407) soil brick mining project.",M/S BEDAMI GANGA TRADING CO. PVT. LTD,Delisted,EC,
4,684,SIA/BR/MIN/140181/2020,,"Report of Brick Earth Mining Project of Area 2.94 Acres or 1.19 Hectare for M/S AMAN INT UDYOG at Vill- Jhaur, Mauza + P.O- Kochgaon, P.S+ Block- Warsaliganj, District- Nawada, State- Bihar.",MS  AMAN INT UDYOG,Delisted,EC,
5,685,SIA/BR/MIN/51727/2020,,Balu Ghat Mining Project (Patna Son 4 Balu Ghat) at Riverbed Of Son River.,SRI RANJIT KUMAR RAI,Delisted,EC,
6,686,SIA/BR/MIS/187703/2020,SIA/8(a)/1275/2021(EXP.),"Proposed Expansion and Modification Commercial and residential Building “Orbito/Orbit” at  Mauza- Mustafapur, Pargana - Phulwari, Thana No.-36, Danapur, District- Patna, Bihar by M/s Mundeshwari Multicon Pvt. Ltd.",MUNDESHWARI MULTICOM PVT. LTD.,EC Granted,EC,
7,687,SIA/BR/MIN/156340/2020,,"The proposed Soil mining is at Village- Gothauli, Post- Son Nagar, P.S- Barun, District- Aurangabad (Bihar).",M/S JHAJHARIA - GALVANO - MAXWELL (JV),Delisted,EC,
8,688,SIA/BR/MIN/17647/2016,SIA/1(a)/414/17,170/2015,C&C CONSTRUCTION LIMITED,EC Granted,EC,
9,689,SIA/BR/MIN/32949/2006,,Proposed Sand Mining Project  of  area 5.0  ha at  Jagiritola Malahi Ghat on Gandak River of District- Gopalganj  of State-Bihar,MR KAMAKHYA MISHRA,Pending at PP due to eds,EC,
10,690,SIA/BR/MIN/33472/2019,,Afjalpur Sand Ghat on Badua River,KATYAYNI CONTRACTORS PVT. LTD.,Pending at PP due to eds,EC,
1,691,SIA/BR/MIN/66183/2017,SIA/1(a)/575/18,Sand Mining Project at Ghanshyamthan Koluha Sand Ghat on Barnar River.,WESTLINK TRADING PRIVATE LIMITED,Delisted,EC,
2,692,SIA/BR/MIS/132872/2019,SIA/8(a)/992/2020,Residential Building Project “SKK Valencia”.,M/S SHANTI KRISHNA KANHAIYA CONSTRUCTIONS AND DEVELOPERS PVT. LTD,EC Granted,EC,
3,693,SIA/BR/MIN/133292/2019,,m/s s swastika k bricks,SADAN KISHOR PRASAD,Delisted,EC,
4,694,SIA/BR/MIN/31368/2015,SIA/1(a)/14/2015,S.P. Int Udyog,BEDAMI DEVI,Delisted,EC,
5,695,SIA/BR/NCP/69872/2017,,"“THE HERITAGE”
(MALL & MULTIPLEX),
PROPOSED COMMERCIAL BUILDING PLOT NO -671,672,673,674.TAUZI NO. – 5276, THANA NO. : -
36, SURVEY THANA – DANAPUR, KHAGAUL, VILLAGE
MUSTAFAPUR, PATNA, BIHAR",M/S PLATINIUM HERITAGE HOME PVT. LTD.,Delisted,EC,
6,696,SIA/BR/NCP/63443/2017,,"Proposed Construction of Flyover (4 Lane carriageway) connecting Mithapur Flyover to Bhikhari Thakur (Yarpur) Flyover via             R. Block Junction in Patna Town, Bihar",BIHAR RAJYA PUL NIRMAN NIGAM LIMITED,Delisted,EC,
7,697,SIA/BR/MIN/59815/2016,SIA/1(a)/355/16,"KALISHTHAN BARIYAPUR OF GANGA RIVER TEHSIL BARIARPUR, DISTRICT MUNGER, BIHAR
ML AREA 6.4 HA.",NM FOOD PRODUCT PVT LTD,EC Granted,EC,
8,698,SIA/BR/MIN/18050/2015,SIA/1(a)/415/17,259,KATYAYNI CONTRACTORS PVT LTD,EC Granted,EC,
9,699,SIA/BR/MIN/59786/2016,SIA/1(a)/357/16,"over an area 10.4 Ha in Tehsil and District Munger, Bihar State",NM FOOD PRODUCT PVT LTD,EC Granted,EC,
10,700,SIA/BR/INFRA2/430285/2023,SIA/8(a)/2418/2023,"Proposed “Himalaya Medical College & Hospital” at Chiksi, Paliganj, Patna, Bihar run by Himalaya Educational Trust",RAMCHANDRA SAW,EC Granted,EC,
1,701,SIA/BR/MIN/60618/2016,SIA/1(a)/382/16,Sand mining project of Raval Tola (Asthasia) of Saran district,BROADSON COMODITIES PVT LTD,EC Granted,EC,
2,702,SIA/BR/MIN/25920/2017,SIA/1(a)/344/16,Nalanda Sand Blocks (Stretch I Block II),MAHADEV ENCLAVE PVT LTD,EC Granted,EC,
3,703,SIA/BR/MIN/450336/2023,SIA/1(a)/2442/2023,Sand Mining Project of Area 7.0 Ha at Sand Block-2 Ghat on Sakri River of  District-Nalanda of State-Bihar,DHARAMVIR YADAV,EC Granted,EC,
4,704,SIA/BR/MIN/71323/2017,,"Sand Mining Project at Vinod Sand Ghat, on Dhadhar River, Anchal-Fatehpur, Dist-Gaya, Bihar",WESTLINK TRADING PRIVATE LIMITED,Delisted,EC,
5,705,SIA/BR/INFRA2/437780/2023,SIA/8(a)/2454/2023,"Proposed Commercial Building “ Azalfa Trade Centre” at Mainpur Shankar, Saguna more , .",AZALFA BUILDING CONSTRUCTION PRIVATE LIMITED,Rejection Letter Granted,EC,
6,706,SIA/BR/MIN/30328/2015,3441,Brick Clay Mining Project- Balmiki Int Udyog,BALMIKI INT UDYOG,Delisted,EC,
7,707,SIA/BR/NCP/62326/2017,SIA/8(a)/445/17,"“ SS METRO MALL CUM MULTIPLEX & RESIDENTIAL COMPLEX ”
Developer : M/s S.D – S.D & P. Pvt. Ltd. (J.V.)",S D S D AND P PVT LTD,EC Granted,EC,
8,708,SIA/BR/MIN/60711/2016,SIA/1(a)/389/16,"Proposed Sand Mining Project of Area 23.16 Ha at Katari Ghat on Son River of District-
Patna, State-Bihar",BROADSON COMODITIES PVT LTD,EC Granted,EC,
9,709,SIA/BR/MIN/34092/2019,,Jalhi Patti & Chikni patti Sand Ghat on Vanmadhar River,SUJEET KUMAR,Pending at PP due to eds,EC,
10,710,SIA/BR/MIN/31368/2015,SIA/1(a)/14/2015,S.P. Int Udyog,BEDAMI DEVI,Delisted,EC,
1,711,SIA/BR/MIN/137921/2020,,"Brick Earth Mining Project at Village- Barki Hardiya, P.o.- Barki Hardiya, P.S.- Jagdishpur, Dist.- Bhojpur (Bihar)",M/S- MAHAL INT UDYOG,Delisted,EC,
2,712,SIA/BR/MIN/138625/2020,,"LACHHMINIYA SAND GHAT (SAPTGANDHI RIVER), APPLICANT- MR. SUJEET KUMAR, AREA- 0.8 HA., VILLAGE- LACHHMINIYA, DISTRICT- SUPAUL (BIHAR)","MR. SUJEET KUMAR, DISTRICT- SUPAUL, BIHAR",Delisted,EC,
3,713,SIA/BR/MIN/138332/2020,,"Vrindavan (Khasra No. 4668, 4680, 4876, 4783, 4772, 4782, 4779, 4776, 4760, 4761, 4778, 4773, 4777, 4779, 4762, 4380, 4783 ) soil brick mining project.",M/S LAXMI INT UDYOG,Delisted,EC,
4,714,SIA/BR/MIS/66584/2021,21-55/2021-IA-III,"Proposed Residential Building “Kashyap Green City, Phase-2” by Kashyap Green Homes Pvt. Ltd.",KASHYAP GREEN CITY PHASE-2,WithdrawEC,EC,
5,715,SIA/BR/MIN/34679/2019,,Proposed Sand Mining Project of area 5.0 ha at Jaymangla Manoj   Ghat Simariya on Ganga River of District- Begusarai of State- Bihar,RADHA SWAMI AUTOMOBILES,Pending at PP due to eds,EC,
6,716,SIA/BR/MIN/34086/2019,,Dina patti Sand Ghat on Parwana River,SUJEET KUMAR,Pending at PP due to eds,EC,
7,717,SIA/BR/MIS/129752/2019,SIA/8(a)/983/2020,Bhawani Height,BHAWANI INFRACON PVT LTD,EC Granted,EC,
8,718,SIA/BR/MIN/129762/2019,,"Rifatpur (Khasra No. 3212, 3503 ) soil brick mining project.",RIFATPUR SOIL BRICK.,Delisted,EC,
9,719,SIA/BR/MIN/130128/2019,,"Chawahi Khas M/S A & S BRICKS Earth Mining Project, For Production Capacity -5221.44 TPA, Area-1.12ha (2.77Ac), Thana no-92, Khata no-12. Plot no.-28, 56, 57,149,197,276,297,479&480. Mauza- Chawahi Kh",M/S A & S BRICKS,Delisted,EC,
10,720,SIA/BR/MIN/153127/2020,,"Brick Clay Mining Village- Bangama, P.O- Bangama, P.S- Lokhi, District- Madhubani(Bihar).",M/S SRI BAJRANGBALI INT UDYOG,Delisted,EC,
1,721,SIA/BR/MIN/437774/2023,SIA/1(a)/2070/2022,"Sand Mining Project at Block No.- 01 Sand Ghat in Mauza– Gurdiha, Hasanpur & Ghoshikundi, District- Lakhisarai(Bihar) over an area of 13.70 Hect.",KUNDAN KUMAR,EC Granted,EC,
2,722,SIA/BR/MIN/48821/2016,,"Karamnasa Ghat (239355 TPA), Area 11.82ha, in District- Buxar (Bihar)",MS KATYAYNI CONTRACTORS PVT LTD,Delisted,EC,
3,723,SIA/BR/IND/19027/2016,,Balmukund Concast Ltd. (Expansion Project),BALMUKUND CONCAST LIMITED,Delisted,EC,
4,724,SIA/BR/MIN/441020/2023,SIA/1(a)/2322/2023,Sand Ghat Mining Project (Badua Unit No.- 03 Sand Ghat) at Riverbed of Badua River,METICULOUS ORGANICS PRIVATE LIMITED,EC Granted,EC,
5,725,SIA/BR/MIN/437846/2023,SIA/1(a)/2080/2022,Proposed Sand Mining Project of Area 95 Ha at Bhojpur Ghat 12 on Sone River of District-Bhojpur State-Bihar.,KOCHAS POWER PRIVATE LIMITED,EC Granted,EC,
6,726,SIA/BR/MIN/449894/2023,SIA/1(a)/2401/2023,Sand Mining Project of Area 13.63 Ha at Madhubani Cluster-4  (  includes 3  sand blocks)  on Kamla River of District- Madhubani of State-Bihar,AJAY JHA,EC Granted,EC,
7,727,SIA/BR/MIN/437986/2023,SIA/1(a)/2087/2022,Proposed Sand Mining Project of Area 8.98 Ha at Arwal Son  Ghat 05 on Sone River of District-Arwal State-Bihar,RADHARAMAN CONSTRUCTIONS AND MARKETING PRIVATE LIMITED,EC Granted,EC,
8,728,SIA/BR/MIN/438319/2023,SIA/1(a)/2062/2022,Proposed Sand Mining Project of Area 37 Ha at Bhojpur Ghat 06 on Sone River of District-Bhojpur State-Bihar.,KOCHAS POWER PRIVATE LIMITED,EC Granted,EC,
9,729,SIA/BR/MIS/60656/2016,SIA/8(a)/408/16,Lotus Adobe (Residential Building Project of Nutan Construction),NUTAN CONSTRUCTION,EC Granted,EC,
10,730,SIA/BR/MIN/65388/2017,SIA/1(a)/517/17,Sand Mining Project at Palhat Kutia Ghat on Buddh River.,WESTLINK TRADING PRIVATE LIMITED,EC Granted,EC,
1,731,SIA/BR/MIN/30328/2015,3441,Brick Clay Mining Project- Balmiki Int Udyog,BALMIKI INT UDYOG,Delisted,EC,
2,732,SIA/BR/NCP/62326/2017,SIA/8(a)/445/17,"“ SS METRO MALL CUM MULTIPLEX & RESIDENTIAL COMPLEX ”
Developer : M/s S.D – S.D & P. Pvt. Ltd. (J.V.)",S D S D AND P PVT LTD,EC Granted,EC,
3,733,SIA/BR/MIN/60711/2016,SIA/1(a)/389/16,"Proposed Sand Mining Project of Area 23.16 Ha at Katari Ghat on Son River of District-
Patna, State-Bihar",BROADSON COMODITIES PVT LTD,EC Granted,EC,
4,734,SIA/BR/MIN/127013/2019,,"Simariya M/S –Maa Bricks Earth Mining Project ,Mauza- Simariya,tana no-500, khata no.-118,38,400&391. Plot no.-1037, 1057, 1048, &1049. Area-2.48Ac (1.00 ha.)For production capacity 4662 TPA,P.S.-Bara",M/S MAA BRICKS PROP:-RAM PRAVESH RAY,Delisted,EC,
5,735,SIA/BR/MIN/126317/2019,,me,M/S MARYADA EARTH,Delisted,EC,
6,736,SIA/BR/MIN/34160/2019,,Sitapur kamalpur Sand Ghat on Haiya River,SUJEET KUMAR,Pending at PP due to eds,EC,
7,737,SIA/BR/MIN/34270/2019,,Baskhora Harari Sand Ghat on Tilyuga River,SUJEET KUMAR,Pending at PP due to eds,EC,
8,738,SIA/BR/MIN/34575/2019,,Proposed Sand Mining Project of area 4.70 ha at Chamtha Ghat on  Ganga River of District- Begusarai of State-Bihar,RADHA SWAMI AUTOMOBILES,Pending at PP due to eds,EC,
9,739,SIA/BR/MIN/31036/2019,SIA/1(a)/680/19,"Sand mining project at Ekbalganj Nisarpura ghat on Son river over an area of 24.5 ha in district Patna, Bihar",BROADSON COMODITIES PVT LTD,EC Granted,EC,
10,740,SIA/BR/MIN/144268/2020,,"Brick Earth Mining Project at Mauza- Pirojgarh, P.O- Tilath, P.S- Ghoghardiha, District- Madhubani (Bihar)",M/S- M.K.B INT UDYOG,Delisted,EC,
1,741,SIA/BR/MIN/133250/2019,,"Report of Brick Earth Mining Project of Area 1.23 Hectare or 3.03 Acre M/s Maa Int Udyog at Vill/Mauza-Chhitauli, P.O-Laxmiganj, P.S + Block-Goreya Kothi, District-Siwan, State-Bihar.",M/S MAA INTUDYOG,Delisted,EC,
2,742,SIA/BR/MIS/251608/2022,SIA/8(a)/1854/2022,Mini smart Township of BTPP Buxar,MINI SMART TOWNSHIP OF BTPP BUXAR,EC Granted,EC,
3,743,SIA/BR/MIN/66260/2017,,Sand Mining Project at Mandhata Sand Ghat on Barnar River,WESTLINK TRADING PRIVATE LIMITED,Delisted,EC,
4,744,SIA/BR/MIN/448417/2023,SIA/1(a)/2417/2023,Sand Mining Project of Area 13.1 Ha at Sand Block-07 Ghat on Kiul River of  District-Jamui of State-Bihar,GANESH KUMAR,EC Granted,EC,
5,745,SIA/BR/MIN/59865/2016,,Dogachhi river sand mine,OVERSEAS MIN TECH CONSULTANT,Delisted,EC,
6,746,SIA/BR/NCP/74684/2018,SIA/8(a)/522/18,Indira Gandhi Institute of Medical Sciences (IGIMS) Hospital Building Project,INDIRA GANDHI INSTITUTE OF MEDICAL SCIENCES,EC Granted,EC,
7,747,SIA/BR/MIS/17343/2016,,1 MLD Common Effluent Treatment Plant,BIHAR INDUSTRIAL AREA DEVELOPMENT AUTHORITY,EC Granted,EC,
8,748,SIA/BR/MIN/437689/2023,SIA/1(a)/2290/2023,Sand Ghat Mining Project (Lakhisarai Block No.- 09) at Riverbed of Kiul River,SANJAY KUMAR,EC Granted,EC,
9,749,SIA/BR/MIN/30633/2015,SIA/1(a)/01/2015,STONE MINING PROJECT-SHRISTI DEVELOPERS PVT. LTD.- CAT: B2,SHRISTI DEVELOPERS PVT LTD,Delisted,EC,
10,750,SIA/BR/MIN/438404/2023,SIA/1(a)/2066/2022,Proposed Sand Mining Project of Area 12 Ha at Bhojpur Ghat 2 on Sone River of District-Bhojpur State-Bihar.,RAJIV SINGH,Deferred by SEAC,EC,
1,751,SIA/BR/MIN/140793/2020,,"BRICK EARTH MINING PROJECT FOR MAUZA BARARI HARKESH, UCHAKAGAON, GOPALGANJ, AREA 4.00 Ac, 1.62 Ha",M/S RAJ INT UDYOG PROP RAMESH SINGH,Delisted,EC,
2,752,SIA/BR/MIN/131521/2019,,"Kapa Kala M/S –MAKAN BRICKS Earth Mining Project , Mauza - Kapa Kala Thana -151 Khata No.-371, Plot No.- 2261,Area-1.01 ha or (2.50 Ac) For production capacity 4708.62TPA, Village Kopa Kala,P.O. -Naub",M\S MAKAN BRICKS AKHILESH PARASAD SINGH,Delisted,EC,
3,753,SIA/BR/MIN/131533/2019,,"Proposed Brick Earth Mining Project of Area 1.90 Hectare Or 4.70 Acre M/s A-1 Int Udyog- at Mauza: Musharwa Baswariya, P.S: Sathi, Block- Narkatiaganj, District- West Champaran, State-Bihar",M/S A-1 INT UDYOG,Delisted,EC,
4,754,SIA/BR/MIN/131742/2019,,Proposed Brick Earth Mining,MS JIYA BRICKS,Delisted,EC,
5,755,SIA/BR/MIN/31554/2019,SIA/1(a)/628/19,Sand mining project at Gosai Tola on Ganga river over an area of 18 ha in district Patna Bihar,BROADSON COMODITIES PVT LTD,Delisted,EC,
6,756,SIA/BR/MIN/32566/2019,SIA/1(a)/676/19,Sand mining project at Shahjahanbad ghat on Son river over an area of 24.0 ha in district Arwal in Bihar,MOR MUKAT MARKETING PRIVATE LIMITED,Rejection Letter Granted,EC,
7,757,SIA/BR/MIS/115168/2019,SIA/8(a)/692/19,"SHRI RAM JANAKI MEDICAL COLLEGE & HOSPITAL AT SAMASTIPUR,  (BIHAR)",DEPARTMENT OF HEALTH GOVERMENT OF BIHAR,EC Granted,EC,
8,758,SIA/BR/MIN/41878/2019,,Proposed Sand Mining Project of Area 5.0 Ha at Sapahiya Khas (Bishwambharpur) Ghat on Gandak River of District- Gopalganj of State-Bihar.,MR KAMAKHYA MISHRA,Pending at PP due to eds,EC,
9,759,SIA/BR/MIN/30927/2019,SIA/1(a)/547/18,Gurdih Sand Ghat Mining Project of area 18.5 Ha District Lakhisarai Bihar on Kiul River,WESTLINK TRADING PRIVATE LIMITED,EC Granted,EC,
10,760,SIA/BR/MIN/30937/2019,SIA/1(a)/550/18,Rampur ghat sand mining project of area 23.5 ha of district Lakhisarai on river Kiul,WESTLINK TRADING PRIVATE LIMITED,EC Granted,EC,
1,761,SIA/BR/INFRA1/455862/2023,SIA/7(c)/2449/2023,"Industrial Area, Warsaliganj",BIHAR INDUSTRIAL AREA DEVELOPMENT AUTHORITY,EC Granted,EC,
2,762,SIA/BR/MIN/64469/2017,SIA/1(a)/467/17,Sand mining Project at Patiauna Ghat on Lilajan river,WESTLINK TRADING PRIVATE LIMITED,EC Granted,EC,
3,763,SIA/BR/MIN/59796/2016,,“MOHANPUR GHAT ON BADHUA RIVER”,NM FOOD PRODUCT PVT LTD,TransferToDEIAA,EC,
4,764,SIA/BR/NCP/63452/2017,SIA/8(a)/457/17,"Proposed Lohia Path Chakra at Jawaharlal Nehru Path (Bailey Road) in Between BPSC office (near Lalit Bhawan) and Vidhyut Bhawan in Patna, Bihar",BIHAR RAJYA PUL NIRMAN NIGAM LIMITED,WithdrawEC,EC,
5,765,SIA/BR/MIN/442158/2023,SIA/1(a)/2261/2023,Proposed Sand Mining Project of Area  89.96 Ha at Rohtas Sone  Ghat 12 on Sone River of District-Rohtas State-Bihar.,ARVIND KUMAR,EC Granted,EC,
6,766,SIA/BR/MIN/64419/2017,SIA/1(a)/475/17,Sand Mining Project at Solahdham Sand Ghat on Morhar River.,WESTLINK TRADING PRIVATE LIMITED,EC Granted,EC,
7,767,SIA/BR/MIN/60639/2016,SIA/1(a)/375/16,"Sand mining project, at Kuberchak ghat",BROADSON COMODITIES PVT LTD,EC Granted,EC,
8,768,SIA/BR/MIN/66037/2017,SIA/1(a)/543/18,Sand Mining Project on Kishanpur  Sand Ghat (Block no-1) on Kiul River.,WESTLINK TRADING PRIVATE LIMITED,Delisted,EC,
9,769,SIA/BR/MIN/437753/2023,SIA/1(a)/2058/2022,Sand Mining Project at Block No. 10 on Kiul River of District - Lakhisarai over area 39.30 Hect.,AMIT SINGH,EC Granted,EC,
10,770,SIA/BR/MIN/442385/2023,SIA/1(a)/2318/2023,Sand Ghat Mining Project (Jamui Kiul Block No. -14 Sand Ghat) at Kiul River bed,VASHISHTHA NARAYAN SINGH CONSTRUCTIONS PRIVATE LIMITED,ADS by SEAC,EC,
1,771,SIA/BR/MIN/167200/2020,,ORDINARY CLAY MINING PROJECT FOR BSCPL INFRASTRUCTURE LTD MAUZA RAHIYAR KAUNCHI,BSCPL INFRASTRUCTURE LTD MAZUA RAHIYAR KUANCHI,Delisted,EC,
2,772,SIA/BR/MIS/110998/2019,SIA/8(a)/982/2020,Construction of New Hospital Block at PMCH Patna,PATNA MEDICAL COLLEGE AND HOSPITAL,EC Granted,EC,
3,773,SIA/BR/MIN/41436/2019,SIA/1(a)/615/19,Darha & Bharari Sand Ghat,WESTLINK TRADING PRIVATE LIMITED,EC Granted,EC,
4,774,SIA/BR/MIN/144163/2020,,ORDINARY CLAY MINING PROJECT FOR BSCPL INFRASTRUCTURE LTD MAUZA BHADAS,BSCPL INFRASTRUCTURE LTD MAUZA BHADAS AREA 12.33 AC,Delisted,EC,
5,775,SIA/BR/MIN/141676/2020,,ORDINARY CLAY BSCPL INFRASTRUCTURE LTD MINING PROJECT FOR MAUZA PARTAPATTI HAYAGHAT BAHERI DARBHANGA AREA 8.05 Ac,BSCPL INFRASTRUCTURE LTD. MAUZA PARTAPATTI  AREA 8.05AC,Delisted,EC,
6,776,SIA/BR/MIN/51277/2019,SIA/1(a)/627/19,"Sand mining project at Rupas Ghat on Ganga river over an area of 14.8 ha in district Patna, Bihar",BROADSON COMODITIES PVT LTD,Referred Back to SEAC(A),EC,
7,777,SIA/BR/MIN/445968/2023,SIA/1(a)/2338/2023,"Sand Mining Project, Jamui Barnar-15 Sand Ghat  of District- Jamui, State-Bihar.",RITESH SINGH,EC Granted,EC,
8,778,SIA/BR/MIN/437696/2023,SIA/1(a)/2268/2023,Sand Ghat Mining Project (Lakhisarai Block - 05) at Riverbed of Kiul River,VASHISHTHA NARAYAN SINGH CONSTRUCTIONS PRIVATE LIMITED,EC Granted,EC,
9,779,SIA/BR/MIN/442382/2023,SIA/1(a)/2323/2023,Proposed Sand Mining Project of Area  33.2 Ha at Lakhisarai Kiul-08 Ghat on Kiul River of District-Lakhisarai of State-Bihar.,RUDRA MINING LLP,EC Granted,EC,
10,780,SIA/BR/MIN/29949/2015,3405,Soil Mining project,SINGH AND COMPANY,Delisted,EC,
1,781,SIA/BR/IND1/416484/2023,SIA/3(a)/2299(EXP)/2023,Balmukund Concast Private Limited (Formerly Balmukund Concast Limited),BALMUKUND CONCAST LIMITED,EC Granted,EC,
2,782,SIA/BR/MIN/64483/2017,SIA/1(a)/476/17,Sand mining Project at Bankey bazar ghat on Morhar river,WESTLINK TRADING PRIVATE LIMITED,EC Granted,EC,
3,783,SIA/BR/MIS/83570/2018,SIA/8(a)/602/18,"SAI ENCLAVE
(A Project of Sri Anuanand Construction Pvt Ltd)",SRI ANU ANAND CONSTRUCTION PVT. LTD,Awaiting EC,EC,
4,784,SIA/BR/MIN/70064/2017,,Proposed Sand Mining Project at Hasanpur Sand Ghat on Morhar River,WESTLINK TRADING PRIVATE LIMITED,Delisted,EC,
5,785,SIA/BR/MIN/446816/2023,SIA/1(a)/2301/2023,"Sand Mining Project of Area 15.0 Ha at Sand block-07, Doriganj sand  Ghat on Ganga River of District-Saran of State-Bihar",SAHEB RAI,EC Granted,EC,
6,786,SIA/BR/MIN/75052/2018,SIA/1(a)/531/18,"Stone Mining Project  at Mauja-  Pachar, Anchal- Rafiganj, District-Aurangabad (Bihar)",K.P.S. STRUCTURE MAKERS PVT. LTD,EC Granted,EC,
7,787,SIA/BR/MIN/66262/2017,SIA/1(A)561/18,Sand Mining Project at Sono Sand Ghat on Barnar River.,WESTLINK TRADING PRIVATE LIMITED,Delisted,EC,
8,788,SIA/BR/MIN/60661/2016,SIA/1(a)/397/16,Sand Mining Project at Haripur & Sadashivpur Ghat on River Son,BROADSON COMODITIES PVT LTD,EC Granted,EC,
9,789,SIA/BR/MIN/64379/2017,SIA/1(a)/483/17,Sand Mining Project at Kukiyasin Sand Ghat on Falgu River,WESTLINK TRADING PRIVATE LIMITED,EC Granted,EC,
10,790,SIA/BR/MIN/30939/2015,SIA/1(a)/04/2015,STONE MINING PROJECT-NECL-B2,NAVAYUGA ENGINEERING COMPANY LTD,Delisted,EC,
1,791,SIA/BR/MIN/70064/2017,,Proposed Sand Mining Project at Hasanpur Sand Ghat on Morhar River,WESTLINK TRADING PRIVATE LIMITED,Delisted,EC,
2,792,SIA/BR/MIN/446816/2023,SIA/1(a)/2301/2023,"Sand Mining Project of Area 15.0 Ha at Sand block-07, Doriganj sand  Ghat on Ganga River of District-Saran of State-Bihar",SAHEB RAI,EC Granted,EC,
3,793,SIA/BR/MIN/75052/2018,SIA/1(a)/531/18,"Stone Mining Project  at Mauja-  Pachar, Anchal- Rafiganj, District-Aurangabad (Bihar)",K.P.S. STRUCTURE MAKERS PVT. LTD,EC Granted,EC,
4,794,SIA/BR/MIN/66262/2017,SIA/1(A)561/18,Sand Mining Project at Sono Sand Ghat on Barnar River.,WESTLINK TRADING PRIVATE LIMITED,Delisted,EC,
5,795,SIA/BR/MIN/60661/2016,SIA/1(a)/397/16,Sand Mining Project at Haripur & Sadashivpur Ghat on River Son,BROADSON COMODITIES PVT LTD,EC Granted,EC,
6,796,SIA/BR/MIN/64379/2017,SIA/1(a)/483/17,Sand Mining Project at Kukiyasin Sand Ghat on Falgu River,WESTLINK TRADING PRIVATE LIMITED,EC Granted,EC,
7,797,SIA/BR/MIN/154309/2020,,Brick Clay Mining,M/S BSCPL INFRASTRUCTURE LTD.,Delisted,EC,
8,798,SIA/BR/MIN/34531/2019,,Proposed Sand Mining Project of  area  4.80  ha at  Chak  Ghat on  Ganga River of District- Begusarai of State- Bihar,RADHA SWAMI AUTOMOBILES,Pending at PP due to eds,EC,
9,799,SIA/BR/MIN/34391/2019,,Pakri Dayal Balu Ghat on Burhi Gandak River.,VINAY  KUMAR,Pending at PP due to eds,EC,
10,800,SIA/BR/MIN/144846/2020,,BRICK EARTH MINING PROJECT FOR M/S JAY BRICKS WORKS MAUZA JAGARNATHPUR HATHAURI BOCHAHAN MUZAFFARPUR AREA 2.83 Ac,M/S JAY BRICKS WORKS PROP SHASHI BHUSHAN KUMAR,Delisted,EC,
1,801,SIA/BR/MIN/140279/2020,,"BRICK EARTH MINING PROJECT FOR MAUZA KHAJARI, SADAR, DARBHANGA, AREA 3.01 Ac 1.22 Ha",M/S KRISHNA ENTERPRISES PROP KRISHNA KANHAIYA,Delisted,EC,
2,802,SIA/BR/MIN/31298/2015,SIA/1(a)/10/2015,BRICK CLAY MINING PROJECT-5 STAR INT UDYOG-B2,FIVE STAR ENT UDYOG,Delisted,EC,
3,803,SIA/BR/MIN/444239/2023,SIA/1(a)/2307/2023,"Sand Mining Project, Block-25 (Gaya Morhar – 12) Sand Ghat of District- Gaya, State-Bihar.",M/S RAJENDRA SINGH,EC Granted,EC,
4,804,SIA/BR/MIN/66263/2017,SIA/1(A)/560/18,Sand Mining Project at Navinagar-2 Sand Ghat on River kiul,WESTLINK TRADING PRIVATE LIMITED,Delisted,EC,
5,805,SIA/BR/MIN/64504/2017,SIA/1(a)/492/17,Sand mining project at Nawada-Takiya ghat on Falgu river,WESTLINK TRADING PRIVATE LIMITED,EC Granted,EC,
6,806,SIA/BR/MIN/453542/2023,,"Sand Mining Project, Block- 06 (Milky/Chilaungiya) Sand Ghat of District- Nawada, State-Bihar",RAJU RAJ,Pending at PP due to eds,EC,
7,807,SIA/BR/MIN/451864/2023,SIA/1(a)/2463/2023,"Sand Mining Project, Block 45 (GAYA LILAJAN- 07, 08, 09, 10, 11)  Sand Ghat, District Gaya, Bihar",BRAJESH TIWARI,EC Granted,EC,
8,808,SIA/BR/MIN/60613/2016,SIA/1(a)/368/16,"Proposed Sand Mining Project of Area 15 Ha at LCT Domwa Ghat on Ganga River of
District- Saran of State- Bihar",BROADSON COMODITIES PVT LTD,EC Granted,EC,
9,809,SIA/BR/IND1/431534/2023,SIA/3(a)/2048/2022,"PROPOSED METALLURGICAL PROJECT OF “KAALENDI VENTURES L.L.P” MAUZA: - KHIRODHARPUR, TEHSIL: - FATUHA, DISTRICT: -PATNA, STATE: - BIHAR; BY M/S KAALENDI VENTURES L.L.P. (EXITING PRODUCTION CAPACITY MS PIPE (TUBE) – 60,000 TPA, SHUTTER PROFILE – 30,000 TPA, PROPOSED AFTER MODIFICATION / EXPANSION  CAPACITY OF MS PIPE (TUBE)- 80,000 TPA, SHUTTER PROFILE- 32,000 TPA, TMT BAR – 68,000 TPA, MS BILLET- 90,000 TPA).",KAALENDI VENTURES LLP,EC Granted,EC,
10,810,SIA/BR/MIN/31597/2015,SIA/1(a)/37/2015,M/s Sai Bricks,SATYA PRAKASH SINGH,Delisted,EC,
1,811,SIA/BR/MIN/200052/2021,,M/s N.K. Int Udyog,N.K. INT UDYOG,Delisted,EC,
2,812,SIA/BR/MIN/144744/2020,,BRICK EARTH MINING PROJECT FOR M/S RADHA BRICKS MAUZA BENI JALALPUR KADWA KATIHAR AREA 3.01 Ac,M/S RADHA BRICKS PROP ANAND KUMAR BUBNA,Delisted,EC,
3,813,SIA/BR/MIN/130748/2019,,"Brick Earth Mining Project of Area 3.61 Acres or 1.46 Hectare for M/S Pankaj Int Udyog at Mauza/Vill- Bilari, P.O- Bilari, P.S + Block- Katarisarai, District- Nalanda, State- Bihar",M/S PANKAJ INT UDYOG,Delisted,EC,
4,814,SIA/BR/MIN/131976/2019,,"M/S BHAWANI BRICKS Production Capacity 4657.33 TPA, Area 1.11 Ha (2.75 Ac) Village- Chak Monije Plot No.- 158, 159 & 160, Khata No.-  38, 39 & 40, Revenue Thana No.- 05 under Ramtari Gram Panchayat, P",M/S BHAWANI BRICKS PROP:- GAJENDRA KUMAR,Delisted,EC,
5,815,SIA/BR/MIN/131881/2019,,M/s Vijay Int. Udyog,M/S VIJAY UDYOG (BARUN KUMAR),Delisted,EC,
6,816,SIA/BR/MIN/160343/2020,,ORDINARY CLAY MINING PROJECT FOR BSCPL INFRASTRUCTURE LTD MAUZA AURA,BSCPL INFRASTRUCTURE LTD MAUZA AURA AREA 11.90 AC.,Delisted,EC,
7,817,SIA/BR/MIN/145142/2020,,ORDINARY CLAY MINING PROJECT FOR BSCPL INFRASTRUCTURE LTD MAUZA AKHATWARA,BSCPL INFRASTRUCTURE LTD MAUZA AKHATWARA AREA 11.70 AC,Delisted,EC,
8,818,SIA/BR/MIN/145730/2020,,Brick Kiln Soil Mining Project,M/S KHAJA GARIB NAWAZ BRICKS,Delisted,EC,
9,819,SIA/BR/MIN/32620/2019,SIA/1(a)/677/19,Sand mining project at Aslampur Dullah ghat on Son river over an area of 15 ha in district Arwal in Bihar,MOR MUKAT MARKETING PRIVATE LIMITED,Referred Back to SEAC(A),EC,
10,820,SIA/BR/MIN/66035/2017,SIA/1(a)/541/18,Sand Mining Project at Khairi Sand Ghat (Block no-6) on Kiul River,WESTLINK TRADING PRIVATE LIMITED,Delisted,EC,
1,821,SIA/BR/NCP/92135/2019,,Proposed Type A Staff Quarters on  plot No. B1 In Housing Development Gardanibagh at Patna,BUILDING CONSTRUCTION DEPARTMENT,Delisted,EC,
2,822,SIA/BR/MIN/439214/2023,SIA/1(a)/2069/2022,Proposed Sand Mining Project of Area 46 Ha at Bhojpur Ghat 14 on Son River of District-Bhojpur State-Bihar.,DIGVIJAY SINGH,EC Granted,EC,
3,823,SIA/BR/INFRA2/444371/2023,SIA/8(a)/2478/2023,Proposed Residential Cum Commercial Building  “IOB Galaxy Phase-II”,ASHIRWAD ENGICON PRIVATE LIMITED,EC Granted,EC,
4,824,SIA/BR/MIN/59812/2016,SIA/1(a)/360/16,Balu/ Sand Mining (Minor Mineral) Category- B2 (M.L. Area- 6.7 ha) with Production Capacity of 45000 TPA at Tikarampur Ghat of Ganga River in Tehsil and District: Munger (Bihar).,NM FOOD PRODUCT PVT LTD,EC Granted,EC,
5,825,SIA/BR/MIN/69939/2017,,Proposed Sand Mining Project at Imaliachak Sand Ghat on Falgu River.,WESTLINK TRADING PRIVATE LIMITED,Delisted,EC,
6,826,SIA/BR/MIN/72059/2018,,"Proposed Stone Mining Project at Village: Chakandara / Barari, Block- Chewra, District:
Shekhpura, State: Bihar",NATRAJ IRON & CASTINGS PVT. LTD,Delisted,EC,
7,827,SIA/BR/MIN/70062/2017,,Proposed Sand Mining Project at Baikatpur Sand Ghat on Morhar River.,WESTLINK TRADING PRIVATE LIMITED,Delisted,EC,
8,828,SIA/BR/THE/29999/2018,SIA/1(d)/607/19,"Proposed installation of Captive Thermal Power Plant (20 MW) at Industrial Plot No. NS - 16 (P), Aurangabad Industrial Growth Centre (BIADA), District: Aurangabad (Bihar)",Shree Cement Ltd.,Delisted,EC,
9,829,SIA/BR/MIN/64472/2017,SIA/1(a)/471/17,Sand MIning Project at Manoharpur ghat on Buddh River,WESTLINK TRADING PRIVATE LIMITED,EC Granted,EC,
10,830,SIA/BR/MIN/442474/2023,SIA/1(a)/2247/2023,Patna Sone 08 Sand Ghat River – Sone,DEVENDRA EQUIPMENT,EC Granted,EC,
1,831,SIA/BR/MIN/66031/2017,SIA/1(a)/544/18,Sand Mining Project at Sharma Sand Ghat (Block no-11) on Kiul River.,WESTLINK TRADING PRIVATE LIMITED,Delisted,EC,
2,832,SIA/BR/MIN/444668/2023,SIA/1(a)/2371/2023,"Proposed Sand Mining Project of Area 49.75 Ha at Sone River Cluster No.- 15 (Patna Sone Sand Ghat-18) on Sone River of District-Patna, State-Bihar.",SAHABAD CONSTRUCTIONS LLP,EC Granted,EC,
3,833,SIA/BR/MIN/32722/2015,SIA/1(a)/59/2015,Soil Mining Project of Prop.- Sri Vinod Kumar Singh,VINOD KUMAR SINGH,Delisted,EC,
4,834,SIA/BR/IND2/30327/2018,SIA/5(j)/523/18,Harinagar Sugar Mills Ltd,HARINAGAR SUGAR MILLS LTD,Delisted,EC,
5,835,SIA/BR/MIN/445752/2023,SIA/1(a)/2360/2023,"Sand Mining Project, Block-26 (Gaya Morhar – 13) Sand Ghat of District- Gaya, State-Bihar.",RAJENDRA AND SONS INFRA PRIVATE LIMITED,EC Granted,EC,
6,836,SIA/BR/MIN/167779/2020,,Brick Clay Mining Project,N.B.F. BRICKS,Delisted,EC,
7,837,SIA/BR/MIN/133565/2019,,"Proposed Brick Earth Mining Project of Area 3.12 Acres or 1.26 Hectare for M/S VIP Bricks Company at Village- Madhopur, Tehsil- Bakhtiyarpur, P.S + Anchal- Bakhtiyarpur, District- Patna, State- Bihar.",M/S VIPBRICKSCOMPANY,Delisted,EC,
8,838,SIA/BR/MIN/33559/2019,,Amdaha Kalan Sand Ghat on Bagra River,KATYAYNI CONTRACTORS PVT. LTD.,Pending at PP due to eds,EC,
9,839,SIA/BR/MIN/33572/2019,,Parham Sand Ghat on Ganga River,KATYAYNI CONTRACTORS PVT. LTD.,Pending at PP due to eds,EC,
10,840,SIA/BR/MIN/33616/2019,,Choti Khoru Sand Ghat on Mahani River,KATYAYNI CONTRACTORS PVT. LTD.,Pending at PP due to eds,EC,
1,841,SIA/BR/MIN/66265/2017,SIA/1(a)/569/18,Sand Mining Project Jugdi Sand Ghat on Barnar River.,WESTLINK TRADING PRIVATE LIMITED,Delisted,EC,
2,842,SIA/BR/MIN/453308/2023,SIA/1(a)/2444/2023,Sand Mining Project of Unit-2 (Parsauni Ghat)  of Area 16.40 Ha at Bagmati  River of District-Sitamarhi of State-Bihar.,BALRAJ SINGH,EC Granted,EC,
3,843,SIA/BR/NCP/65446/2017,,“ORBITO” COMMERCIAL AND RESIDENTIAL PROJECT,MUNDESHWARY MULTICON,Delisted,EC,
4,844,SIA/BR/MIN/66278/2017,,Sand Mining Project at Raksha Oriya Sand Ghat on Jhanjhi River,WESTLINK TRADING PRIVATE LIMITED,Delisted,EC,
5,845,SIA/BR/MIN/70129/2017,,Sand Mining project Naua bigha ghat on Morhar river,WESTLINK TRADING PRIVATE LIMITED,Delisted,EC,
6,846,SIA/BR/MIN/453476/2023,SIA/1(a)/2384/2023,"Sand Mining Project, Patna Culster-13 (Patna Sone- 16)    Sand Ghat of District- Patna, State-Bihar.",FRONTLINE (NCR) BUSINESS SOLUTIONS PRIVATE LIMITED,EC Granted,EC,
7,847,SIA/BR/MIN/69943/2017,,Proposed Sand Mining Project at Rongha Sand Ghat on Morhar River,WESTLINK TRADING PRIVATE LIMITED,Delisted,EC,
8,848,SIA/BR/MIN/31874/2015,SIA/1(a)/52/2015,Sahara Int Udyog,BHAIRAV RAI,Delisted,EC,
9,849,SIA/BR/MIN/31245/2015,SIA/1(a)/09/2015,BRICK CLAY MINING PROJECT-ABS INT UDYOG-B2,A B S INT UDYOG,Delisted,EC,
10,850,SIA/BR/MIN/443302/2023,SIA/1(a)/2265/2023,Sand Ghat Mining Project (Anjana river Block – 02),SHOURYA SHEKHAR,EC Granted,EC,
1,851,SIA/BR/IND/19027/2016,,Balmukund Concast Ltd. (Expansion Project),BALMUKUND CONCAST LIMITED,Delisted,EC,
2,852,SIA/BR/MIN/437846/2023,SIA/1(a)/2080/2022,Proposed Sand Mining Project of Area 95 Ha at Bhojpur Ghat 12 on Sone River of District-Bhojpur State-Bihar.,KOCHAS POWER PRIVATE LIMITED,EC Granted,EC,
3,853,SIA/BR/MIN/449894/2023,SIA/1(a)/2401/2023,Sand Mining Project of Area 13.63 Ha at Madhubani Cluster-4  (  includes 3  sand blocks)  on Kamla River of District- Madhubani of State-Bihar,AJAY JHA,EC Granted,EC,
4,854,SIA/BR/MIN/437986/2023,SIA/1(a)/2087/2022,Proposed Sand Mining Project of Area 8.98 Ha at Arwal Son  Ghat 05 on Sone River of District-Arwal State-Bihar,RADHARAMAN CONSTRUCTIONS AND MARKETING PRIVATE LIMITED,EC Granted,EC,
5,855,SIA/BR/MIN/438319/2023,SIA/1(a)/2062/2022,Proposed Sand Mining Project of Area 37 Ha at Bhojpur Ghat 06 on Sone River of District-Bhojpur State-Bihar.,KOCHAS POWER PRIVATE LIMITED,EC Granted,EC,
6,856,SIA/BR/MIS/60656/2016,SIA/8(a)/408/16,Lotus Adobe (Residential Building Project of Nutan Construction),NUTAN CONSTRUCTION,EC Granted,EC,
7,857,SIA/BR/MIN/65388/2017,SIA/1(a)/517/17,Sand Mining Project at Palhat Kutia Ghat on Buddh River.,WESTLINK TRADING PRIVATE LIMITED,EC Granted,EC,
8,858,SIA/BR/MIN/31828/2015,,,BHAIRAV RAI,Delisted,EC,
9,859,SIA/BR/MIN/443928/2023,SIA/1(a)/2325/2023,Sand Ghat Mining Project (Ulai River Block No.- 02) at Riverbed of Ulai River,KUNDAN KUMAR,EC Granted,EC,
10,860,SIA/BR/MIN/445798/2023,SIA/1(a)/2382/2023,"Sand Mining Project, Block 24 (Gaya Morhar-11) Sand Ghat of District- Gaya, State-Bihar.",RAJENDRA AND SONS INFRA PRIVATE LIMITED,EC Granted,EC,
1,861,SIA/BR/MIS/203410/2021,,M/s Bailey Properties Pvt. Ltd & PS Group Realty Pvt. Ltd.,BAILEY PROPERTIES PVT LTD,Delisted,EC,
2,862,SIA/BR/MIN/135481/2020,,"Proposed Brick Earth Mining Project of Area 1.22 Hectare or 3.01Acre M/s Neyaz Bricks Industries at Mauza + P.O- Jawkatia, P.S: Majhaulia, District- West Champaran, State - Bihar",M/S NEYAZ BRICKS INDUSTRIES,Delisted,EC,
3,863,SIA/BR/MIN/57976/2019,,"Natraj Iron & Castings Pvt. Ltd.  Stone Mining Project at village: Chakandara / Barari, block- chewra, district- Sheikhpura, State: Bihar",NATRAJ IRON & CASTINGS PVT. LTD,Pending at PP due to eds,EC,
4,864,SIA/BR/MIS/167660/2020,SIA/8(a)/1239/2020,"Proposed Commercial cum Residential Building at Mauza- Chitkohra, Saritabad, Patna, Bihar by Aparna architect & associate",APARNA ARCHITECT & ASSOCIATE,EC Granted,EC,
5,865,SIA/BR/IND3/249128/2021,SIA/5(f)/1852/2021,"Setting up a Pharmaceutical Formulation Unit for manufacturing of Vitamins,Tablet, Capsules, Dry Syrups, Liquids, Ointments and Dry Powders M/S Bravo Pharmaceuticals Pvt Ltd",M/S BRAVO PHARMACEUTICALS PVT. LTD.,EC Granted,EC,
6,866,SIA/BR/MIS/106801/2019,SIA/8(a)/690/19,Proposed Samaharnalaya Bhawan Complex,"BUILDING CONSTRUCTION DEPARTMENT, GOVERNMENT OF BIHAR",EC Granted,EC,
7,867,SIA/BR/MIN/30932/2019,SIA/1(a)/541/18,"Khairi Sand Ghat Mining Project of Area 21.0 ha of Lakhisarai District, Bihar on Kiul River",WESTLINK TRADING PRIVATE LIMITED,EC Granted,EC,
8,868,SIA/BR/MIN/137295/2020,,"BRICK EARTH MINING PROJECT FOR M/S SAINIK INT BHATTA MAUZA JAINAGRA, TILAUTHU, DISTRICT ROHTAS AREA 3.44 Ac, 1.39 Ha",M/S SAINIK INT BHATTA PROP RAM PAL SINGH,Delisted,EC,
9,869,SIA/BR/MIN/136505/2020,,"Proposed Brick Earth Mining Project of Area 3.85 Acres or 1.55 Hectare for M/S Shivam Int Udyog at Mauza- Mahishar, P.O- Jakhar, P.S- Rosera, Block- Shivajinagar, District- Samastipur, State – Bihar",M/S SHIVAMINTUDYOG,Delisted,EC,
10,870,SIA/BR/MIN/136807/2020,,"Proposed Brick Earth Mining Project of Area 3.09 Acres or 1.25 Hectare for M/S Bharat Int Udyog at Mauza: Murraha, P.O- Sasan, P.S + Block- Hassanpur, District- Samastipur, State - Bihar",M/S BHARATINTUDYOG,Delisted,EC,
1,871,SIA/BR/MIN/31514/2015,SIA/1(a)/23/2015,M/s Ratan Lal Int Udyog,SATYENDRA KUMAR,Delisted,EC,
2,872,SIA/BR/NCP/34548/2015,SIA/8(a)/60/2015,"General Pool Residential Accommodation (GPRA) by CPWD at Digha, Patna, Bihar",CENTRAL PUBLIC WORKS DEPARTMENT,Delisted,EC,
3,873,SIA/BR/MIN/64507/2017,SIA/1(a)/472/17,Sand Mining Project at Vishnubigha Ghat on Morhar River,WESTLINK TRADING PRIVATE LIMITED,EC Granted,EC,
4,874,SIA/BR/MIN/30040/2015,3420,Brick Clay Mining Project-B2,R N S INT UDYOG,Delisted,EC,
5,875,SIA/BR/MIN/64385/2017,SIA/1(a)/488/17,Sand Mining Project at Tarwadih Sand Ghat on Morhar River,WESTLINK TRADING PRIVATE LIMITED,EC Granted,EC,
6,876,SIA/BR/IND1/455554/2023,SIA/3(a)/2468/2023,"PROPOSED METALLURGICAL PROJECT OF “M/S VISTAR CONCAST PRIVATE LIMITED” MAUZA: - RAIPURA, NEAR INDUSTRIAL AREA, FATUHA, DISTRICT: -PATNA, 803201, STATE: - BIHAR; BY M/S VISTAR CONCAST PRIVATE LIMITED FOR PROPOSED PRODUCTION CAPACITY 3,00,000 TPA OF MS  BILLET",VISTAR CONCAST PRIVATE LIMITED,EC Granted,EC,
7,877,SIA/BR/MIN/60659/2016,SIA/1(a)/388/16,Sand Mining Project at Farahangpur Ghat on river Son,BROADSON COMODITIES PVT LTD,EC Granted,EC,
8,878,SIA/BR/MIN/450985/2023,SIA/1(a)/2419/2023,"Sand Mining Project, Jamui Kiul Block - 08  Sand Ghat of District- Jamui, State-Bihar",SHAKTI INFRAMINS DEVELOPERS PRIVATE LIMITED,EC Granted,EC,
9,879,SIA/BR/MIN/57075/2016,SIA/BR/MIN/57075/2016,PAHARE STONE MINING,MAHALAXMI INJICON PVT LTD,Delisted,EC,
10,880,SIA/BR/MIN/456744/2023,,"Sand Mining Project, Block 32 (Gaya Morhar 19) Sand Ghat of District- Gaya, State-Bihar.",YFC PROJECTS PRIVATE LIMITED,Pending at PP due to eds,EC,
1,881,SIA/BR/MIN/136746/2020,,BRICK EARTH MINING PROJECT FOR M/S RADHE INT UDYOG AREA 3.25 AC 1.31 HA,RADHE INT UDYOG,Delisted,EC,
2,882,SIA/BR/MIN/31133/2015,3497,Brick Clay Mining Project- Raj Int Udyog-B2,RAJ INT UDHYOG,Delisted,EC,
3,883,SIA/BR/MIN/63522/2017,SIA/1(a)/453/17,"Soil Mining Project at Vill- Raghunathpur, P.S- Sahebpur Kamal, Begusarai, Bihar",PUNJLLOYD LIMITED,Delisted,EC,
4,884,SIA/BR/MIN/437312/2023,SIA/1(a)/2275/2023,Proposed Sand Mining Project of Area 49.99 Ha at Aurangabad Ghat 30 on Sone River of District-Aurangabad State-Bihar,MANISH KUMAR,EC Granted,EC,
5,885,SIA/BR/INFRA2/423072/2023,SIA/8(a)/2344/2023,"Proposed Residential Building “Khajpura Garden City, Phase II” at  Khajpura, Patna",LUV KUSH HOMES AND CONSTRUCTIONS PRIVATE LIMITED,EC Granted,EC,
6,886,SIA/BR/MIN/437760/2023,SIA/1(a)/2057/2022,Sand Mining Project at Block No.- 06 Sand Ghat on River Kiul in District Lakhisarai over an area of 68.80 Hect,SUDARSHAN KUMAR,EC Granted,EC,
7,887,SIA/BR/MIN/70067/2017,,Proposed Sand Mining Project at Khanetu Sand Ghat on Morhar River,WESTLINK TRADING PRIVATE LIMITED,Delisted,EC,
8,888,SIA/BR/MIN/66121/2017,SIA/1(A)/584/18,Sand Mining Project at Panbharwa Sand Ghat on Kiul River,WESTLINK TRADING PRIVATE LIMITED,Delisted,EC,
9,889,SIA/BR/MIN/66265/2017,SIA/1(a)/569/18,Sand Mining Project Jugdi Sand Ghat on Barnar River.,WESTLINK TRADING PRIVATE LIMITED,Delisted,EC,
10,890,SIA/BR/MIN/453308/2023,SIA/1(a)/2444/2023,Sand Mining Project of Unit-2 (Parsauni Ghat)  of Area 16.40 Ha at Bagmati  River of District-Sitamarhi of State-Bihar.,BALRAJ SINGH,EC Granted,EC,
1,891,SIA/BR/MIN/128622/2019,,M/S SWASTIK BRICKS,M/S SWASTIK BRICKS,Delisted,EC,
2,892,SIA/BR/MIN/129700/2019,,"BRICK EARTH MINING PROJECT AT VILLAGE- JAFRABAD TOK, P.O- JAHAN JIRPUR, P.S+ ANCHAL - RAGHOPUR, DISTRICT- VAISHALI (BIHAR)",M/S- RADHA BRICKS,Delisted,EC,
3,893,SIA/BR/MIN/130174/2019,,"Proposed Brick Earth Mining Project of Area 2.42 Hectare Or 6.00 Acre M/S KLEI INDIA at Mauza: Pipra, P.O - Bargajwa, P.S - Gaunaha, District- West Champaran, State- Bihar",M/S KLEIINDIA,Delisted,EC,
4,894,SIA/BR/MIN/130273/2019,,Soil Mining Project,JAI MAHADEV INT UDYOG,Delisted,EC,
5,895,SIA/BR/MIN/145649/2020,,"Bricks Earth Mining Project at Mauza- Gundi, P.o.- Saraiya, P.S.- Krishnagarh/Saraiya, Dist.-Bhojpur (Bihar)",M/A- NUTAN BRICKS,Delisted,EC,
6,896,SIA/BR/MIN/147671/2020,,"Proposed Brick Earth Mining Project of Area 4.53 Acres or 1.83 Hectare for M/s  Mahal Int Udyog at Mauza- Saraiya, P.O- Rajauli, P.S + Block- Rajauli, District- Nawada,  State- Bihar",M/S MAHAL INT  UDYOG,Delisted,EC,
7,897,SIA/BR/MIN/33245/2019,,Proposed Sand Mining Project  of area 1.40 ha at Rampurwa-Banjaria Ghat on Gandak  River of District-Gopalganj  of State-Bihar,MR KAMAKHYA MISHRA,Pending at PP due to eds,EC,
8,898,SIA/BR/MIN/149105/2020,,"Brick Earth Village- Mishrawaliya, P.O- Kamarpur, P.S– Mufsil Buxar, District- Buxar (Bihar)",M/S SMART INT UDYOG- 1,Delisted,EC,
9,899,SIA/BR/MIN/147342/2020,,"Soil Mining Project at Village- Nauranga Jalalpur, Post- Jalalpur, P.S-Maranchi, District- Patna(Bihar)",M/S BIPUL KUMAR,Delisted,EC,
10,900,SIA/BR/MIN/32551/2019,SIA/1(a)/675/19,Sand mining project at Baidrabad ghat on Son river over an area of 24.8 ha in district Arwal in Bihar,MOR MUKAT MARKETING PRIVATE LIMITED,Referred Back to SEAC(A),EC,
1,901,SIA/BR/MIN/59823/2016,,"TILKARI GHATS OF MAHANI RIVER”,over an area of 1.8 Ha
Tehsil Tetiha Bambor, District Munger, Bihar.",NM FOOD PRODUCT PVT LTD,TransferToDEIAA,EC,
2,902,SIA/BR/MIN/31649/2015,SIA/1(a)/45/2015,M/s Umesh Int Udyog,UMESH KUMAR SINGH,Delisted,EC,
3,903,SIA/BR/MIN/446107/2023,SIA/1(a)/2388/2023,"Sand Mining Project, Jehanabad Block No.-16 Sand Ghat of District- Jehanabad , State-Bihar",AVIGHNA ENTERPRISES,EC Granted,EC,
4,904,SIA/BR/MIS/58608/2016,SIA/8(a)/335/16,Concicons Tranquial Residential Building Project,CONCICON CONSTRUCTION PVT LTD,EC Granted,EC,
5,905,SIA/BR/MIN/31239/2015,SIA/1(a)/07/2015,Brick Clay Mining-Das Int Udyog-B2,DAS INT UDYOG,Delisted,EC,
6,906,SIA/BR/MIN/71234/2017,,Sand Mining Project at Jamuna Sand Ghat,WESTLINK TRADING PRIVATE LIMITED,Delisted,EC,
7,907,SIA/BR/MIN/17978/2015,SIA/1(a)/411/17,Rajauli (Block 5) Building  Stone Mining Project,MS SAINIK FOODS,EC Granted,EC,
8,908,SIA/BR/MIS/61227/2016,SIA/8(a)/417/17,"Proposed Madhubani Medical College at Madhubani, Bihar by Dr. Fayaz Ahmad, President, Milli Trust, Madhubani","DR. FAYAZ AHMAD, PRESIDENT, MILLI TRUST, MADHUBANI",EC Granted,EC,
9,909,SIA/BR/MIN/66074/2017,SIA/1(a)/580/18,Sand Mining Project at Sair & Pandeydih Sand Ghat on Ulai River.,WESTLINK TRADING PRIVATE LIMITED,Delisted,EC,
10,910,SIA/BR/MIN/439004/2023,SIA/1(a)/2248/2023,Arwal Son Koriyam Sand (Arwal Son 01) Ghat,RANA UDAY SINGH,EC Granted,EC,
1,911,SIA/BR/MIN/71451/2017,,"Stone Mining Project at Mauja- Pachar, Anchal- Rafiganj, District-Aurangabad (Bihar)",K.P.S. STRUCTURE MAKERS PVT. LTD,Delisted,EC,
2,912,SIA/BR/MIN/66109/2017,SIA/1(a)/592/18,Sand mining Project at Bhour Sand ghat on River Kiul,WESTLINK TRADING PRIVATE LIMITED,Delisted,EC,
3,913,SIA/BR/MIN/442628/2023,SIA/1(a)/2086/2022,Proposed Sand Mining Project of Area  33.70 Ha at Rohtas Sone  Ghat 14 on Sone River of District-Rohtas State-Bihar.,RUDRA MINING LLP,EC Granted,EC,
4,914,SIA/BR/MIN/66261/2017,SIA/1(a)/573/18,Sand Mining Project at Manjhway sand ghat on River Kiul,WESTLINK TRADING PRIVATE LIMITED,Delisted,EC,
5,915,SIA/BR/MIN/59811/2016,SIA/1(a)/356/16,"KALISHAN FULKIA OF GANGA RIVER TEHSIL BARIARPUR, DISTRICT MUNGER, BIHAR
ML AREA 6.6 HA.",NM FOOD PRODUCT PVT LTD,Delisted,EC,
6,916,SIA/BR/MIN/60668/2016,SIA/1(a)/384/16,Sand Mining Project at Brahmchari Ghat on river Ganga,BROADSON COMODITIES PVT LTD,EC Granted,EC,
7,917,SIA/BR/NCP/65555/2017,SIA/8(a)/521/17,"Proposed Multi Storeyed Staff Quarters For Patna High Court at Adalatganj, Buddh Marg, Patna",BIHAR STATE BUILDING CONSTRUCTION CORPORATION LTD.,EC Granted,EC,
8,918,SIA/BR/MIN/446410/2023,SIA/1(a)/2424/2023,"Sand Mining Project, Nalanda Cluster-03 Sand Ghat of District- Nalanda, State-Bihar",MANI RAM,EC Granted,EC,
9,919,SIA/BR/NCP/76543/2018,,"Proposed construction of Govt Medical College and Hospital Block at Govt Sadar Hospital Complex, Line Bazar, Purnia town, Purnia East Tehsil, Purnia District, Bihar","BIHAR MEDICAL SERVICES & INFRASTRUCTURE CORPORATION LTD.,",Delisted,EC,
10,920,SIA/BR/MIN/59789/2016,,"Balu/ Sand Mining (Minor Mineral) Category- B2 (M.L. Area- 2.3 ha) with Production Capacity of 15000 TPA at Hamjapur Ghat of Ganga River in Tehsil: Dharhara, District: Munger (Bihar)",NM FOOD PRODUCT PVT LTD,TransferToDEIAA,EC,
1,921,SIA/BR/MIN/437774/2023,SIA/1(a)/2070/2022,"Sand Mining Project at Block No.- 01 Sand Ghat in Mauza– Gurdiha, Hasanpur & Ghoshikundi, District- Lakhisarai(Bihar) over an area of 13.70 Hect.",KUNDAN KUMAR,EC Granted,EC,
2,922,SIA/BR/MIN/48821/2016,,"Karamnasa Ghat (239355 TPA), Area 11.82ha, in District- Buxar (Bihar)",MS KATYAYNI CONTRACTORS PVT LTD,Delisted,EC,
3,923,SIA/BR/IND/19027/2016,,Balmukund Concast Ltd. (Expansion Project),BALMUKUND CONCAST LIMITED,Delisted,EC,
4,924,SIA/BR/MIN/441020/2023,SIA/1(a)/2322/2023,Sand Ghat Mining Project (Badua Unit No.- 03 Sand Ghat) at Riverbed of Badua River,METICULOUS ORGANICS PRIVATE LIMITED,EC Granted,EC,
5,925,SIA/BR/MIN/437846/2023,SIA/1(a)/2080/2022,Proposed Sand Mining Project of Area 95 Ha at Bhojpur Ghat 12 on Sone River of District-Bhojpur State-Bihar.,KOCHAS POWER PRIVATE LIMITED,EC Granted,EC,
6,926,SIA/BR/MIN/449894/2023,SIA/1(a)/2401/2023,Sand Mining Project of Area 13.63 Ha at Madhubani Cluster-4  (  includes 3  sand blocks)  on Kamla River of District- Madhubani of State-Bihar,AJAY JHA,EC Granted,EC,
7,927,SIA/BR/MIN/437986/2023,SIA/1(a)/2087/2022,Proposed Sand Mining Project of Area 8.98 Ha at Arwal Son  Ghat 05 on Sone River of District-Arwal State-Bihar,RADHARAMAN CONSTRUCTIONS AND MARKETING PRIVATE LIMITED,EC Granted,EC,
8,928,SIA/BR/MIN/438319/2023,SIA/1(a)/2062/2022,Proposed Sand Mining Project of Area 37 Ha at Bhojpur Ghat 06 on Sone River of District-Bhojpur State-Bihar.,KOCHAS POWER PRIVATE LIMITED,EC Granted,EC,
9,929,SIA/BR/MIS/60656/2016,SIA/8(a)/408/16,Lotus Adobe (Residential Building Project of Nutan Construction),NUTAN CONSTRUCTION,EC Granted,EC,
10,930,SIA/BR/MIN/65388/2017,SIA/1(a)/517/17,Sand Mining Project at Palhat Kutia Ghat on Buddh River.,WESTLINK TRADING PRIVATE LIMITED,EC Granted,EC,
1,931,SIA/BR/MIN/60639/2016,SIA/1(a)/375/16,"Sand mining project, at Kuberchak ghat",BROADSON COMODITIES PVT LTD,EC Granted,EC,
2,932,SIA/BR/MIN/437753/2023,SIA/1(a)/2058/2022,Sand Mining Project at Block No. 10 on Kiul River of District - Lakhisarai over area 39.30 Hect.,AMIT SINGH,EC Granted,EC,
3,933,SIA/BR/MIN/442385/2023,SIA/1(a)/2318/2023,Sand Ghat Mining Project (Jamui Kiul Block No. -14 Sand Ghat) at Kiul River bed,VASHISHTHA NARAYAN SINGH CONSTRUCTIONS PRIVATE LIMITED,ADS by SEAC,EC,
4,934,SIA/BR/NCP/74851/2018,SIA/8(a)/524/18,"PROPOSED RESIDENTIAL PROJECT
SUNRISE RUPASPUR CITY",SUNRISE SAI DEVELOPERS PVT. LTD.,EC Granted,EC,
5,935,SIA/BR/MIN/443080/2023,SIA/1(a)/2263/2023,Proposed Sand Mining Project of Area 55 Ha at Bhojpur Ghat 28 on Sone River of District-Bhojpur State-Bihar,BIJENDRA KUMAR,EC Granted,EC,
6,936,SIA/BR/MIN/442981/2023,SIA/1(a)/2277/2023,Proposed Sand Mining Project of Area 94 Ha at Bhojpur Ghat 15 on Sone River of District-Bhojpur State-Bihar.,ACCENT MINMET RESOURCES PRIVATE LIMITED,EC Granted,EC,
7,937,SIA/BR/MIN/71235/2017,,Sand Mining Project at Kalikasthan Sand Ghat,WESTLINK TRADING PRIVATE LIMITED,Delisted,EC,
8,938,SIA/BR/MIN/438486/2023,SIA/1(a)/2255/2023,Sand Ghat Mining Project (Bhoj Son 23 Sand Ghat) at Riverbed Of Son River Area 46 Ha.,DEVENDRA EQUIPMENT,EC Granted,EC,
9,939,SIA/BR/MIN/443607/2023,SIA/1(a)/2327/2023,Proposed Sand Mining Project of Area 51 Ha at Bhojpur Ghat 24 on Sone River of District-Bhojpur State-Bihar,RAJEEV TIWARY,EC Granted,EC,
10,940,SIA/BR/MIN/66078/2017,SIA/1(a)/570/18,Sand Mining Project at Chargarha & Amba Sand Ghat on Ulai River,WESTLINK TRADING PRIVATE LIMITED,Delisted,EC,
1,941,SIA/BR/MIN/71323/2017,,"Sand Mining Project at Vinod Sand Ghat, on Dhadhar River, Anchal-Fatehpur, Dist-Gaya, Bihar",WESTLINK TRADING PRIVATE LIMITED,Delisted,EC,
2,942,SIA/BR/INFRA2/437780/2023,SIA/8(a)/2454/2023,"Proposed Commercial Building “ Azalfa Trade Centre” at Mainpur Shankar, Saguna more , .",AZALFA BUILDING CONSTRUCTION PRIVATE LIMITED,Rejection Letter Granted,EC,
3,943,SIA/BR/MIN/30328/2015,3441,Brick Clay Mining Project- Balmiki Int Udyog,BALMIKI INT UDYOG,Delisted,EC,
4,944,SIA/BR/NCP/62326/2017,SIA/8(a)/445/17,"“ SS METRO MALL CUM MULTIPLEX & RESIDENTIAL COMPLEX ”
Developer : M/s S.D – S.D & P. Pvt. Ltd. (J.V.)",S D S D AND P PVT LTD,EC Granted,EC,
5,945,SIA/BR/MIN/60711/2016,SIA/1(a)/389/16,"Proposed Sand Mining Project of Area 23.16 Ha at Katari Ghat on Son River of District-
Patna, State-Bihar",BROADSON COMODITIES PVT LTD,EC Granted,EC,
6,946,SIA/BR/NCP/79747/2018,SIA/8(a)/601/18,"EC for Proposed EC for Govt. Dental College and Hospital, Village Paithna, Rahui taluka, Nalanda in Bihar","BIHAR MEDICAL SERVICES & INFRASTRUCTURE CORPORATION LTD.,",EC Granted,EC,
7,947,SIA/BR/NCP/63065/2017,,"Proposed Construction of Flyover (4 Lane carriageway) connecting Mithapur Flyover to Bhikhari Thakur (Yarpur) Flyover via             R. Block Junction in Patna Town, Bihar",BIHAR RAJYA PUL NIRMAN NIGAM LIMITED,Delisted,EC,
8,948,SIA/BR/MIN/61869/2017,SIA/1(a)/431/17,"Sand Mining Project at Nonaiti Balu Ghat on Sursari River, Village-Noniati, District- Saharsa, Bihar",CHANDAN KUMAR,EC Granted,EC,
9,949,SIA/BR/MIN/65385/2017,SIA/1(a)/518/17,Sand Mining Project at Chotiya II Sand Ghat on Mohana River.,WESTLINK TRADING PRIVATE LIMITED,EC Granted,EC,
10,950,SIA/BR/IND/18806/2017,SIA/3(a)/449/17,-1,J G FOUNDRY LTD,EC Granted,EC,
1,951,SIA/BR/MIN/31514/2015,SIA/1(a)/23/2015,M/s Ratan Lal Int Udyog,SATYENDRA KUMAR,Delisted,EC,
2,952,SIA/BR/NCP/34548/2015,SIA/8(a)/60/2015,"General Pool Residential Accommodation (GPRA) by CPWD at Digha, Patna, Bihar",CENTRAL PUBLIC WORKS DEPARTMENT,Delisted,EC,
3,953,SIA/BR/MIN/64507/2017,SIA/1(a)/472/17,Sand Mining Project at Vishnubigha Ghat on Morhar River,WESTLINK TRADING PRIVATE LIMITED,EC Granted,EC,
4,954,SIA/BR/MIN/30040/2015,3420,Brick Clay Mining Project-B2,R N S INT UDYOG,Delisted,EC,
5,955,SIA/BR/NCP/64080/2017,SIA/8(a)/459/17,"Proposed Commercial Project “Delight Mall FO” at Plot No. 49,54,55,56 & 57, Mauza: Jalalpur, Thana-Danapur, District:-Patna,Bihar",MERIDIAN CONSTRUCTION INDIA LIMITED,Delisted,EC,
6,956,SIA/BR/MIN/64473/2017,SIA/1(a)/496/17,Sand mining Project at Moratal ghat on Mohana river,WESTLINK TRADING PRIVATE LIMITED,EC Granted,EC,
7,957,SIA/BR/MIN/65413/2017,SIA/1(a)/516/17,Sand Mining Project at Raniganj Sand Ghat on Morhar River.,WESTLINK TRADING PRIVATE LIMITED,EC Granted,EC,
8,958,SIA/BR/MIN/18871/2015,SIA/1(a)/505/17,"Rajauli (Block 4) Ordinary  Stone Mining Project Village: Rajauli, Tehsil-Nawada &  District-Nawada, State-Bihar",MESSERS KATYAYNI CONTRACTORS PVT LTD,EC Granted,EC,
9,959,SIA/BR/MIN/31548/2015,SIA/1(a)/25/2015,Brick Clay Mining Project of M/s Shiva Marka Bricks,OTHERS,Delisted,EC,
10,960,SIA/BR/MIN/441399/2023,SIA/1(a)/2287/2023,"Sand Mining Project, Falgu River (Block No.- 07) Sand Ghat  of District- Gaya, State-Bihar.",RAMIYA CONSTRUCTION PRIVATE LIMITED,EC Granted,EC,
1,961,SIA/BR/MIN/74975/2018,SIA/1(a)/527/18,"Proposed  Stone  Mining  Project  at  Village:  Barari,   District:   Shekhpura, State: Bihar",NATRAJ ENGINEERS PVT. LTD,Delisted,EC,
2,962,SIA/BR/MIN/441084/2023,SIA/1(a)/2324/2023,Proposed Sand Mining Project of Area 34 Ha at Bhojpur Ghat 03 on Sone River of District-Bhojpur State-Bihar.,MAA RAJESHWARI CONSTRUCTION PRIVATE LIMITED,EC Granted,EC,
3,963,SIA/BR/MIN/443913/2023,SIA/1(a)/2329/2023,Sand Mining Project of Area 86.4 Ha at Sand Block-05 Ghat on Son  River of District-Rohtas of State-Bihar,SANJAY KUMAR,EC Granted,EC,
4,964,SIA/BR/MIN/61244/2016,SIA/1(a)/406/16,Dihwar(NTPC Barh) Ghat on river Ganga,BROADSON COMODITIES PVT LTD,EC Granted,EC,
5,965,SIA/BR/MIN/31590/2015,SIA/1(a)/33/2015,Brick Clay Mining Project of M/s OK  Marka Bricks,MITHLESH RAI,Delisted,EC,
6,966,SIA/BR/MIN/31558/2015,SIA/1(a)/27/2015,BRICK CLAY MINING PROJECT- S.S.D INT UDYOG,SSD INT UDYOG,Delisted,EC,
7,967,SIA/BR/MIN/32709/2015,SIA/1(a)/57/2015,Brick Clay Mining Project of M/s Ram Bricks,RAM BRICKS,Delisted,EC,
8,968,SIA/BR/MIN/61245/2016,SIA/1(a)/407/16,Sand Mining Project at Brahpur Ghat on river Ganga,BROADSON COMODITIES PVT LTD,EC Granted,EC,
9,969,SIA/BR/MIN/440341/2023,SIA/1(a)/2312/2023,"Sand Mining Project, Block- 05 (Jamuawan Patwa Saray)  Sand Ghat of District- Nawada, State-Bihar.",MOHAMMAD KHAN,EC Granted,EC,
10,970,SIA/BR/MIN/438233/2023,SIA/1(a)/2088/2022,Proposed Sand Mining Project of Area 21.98 Ha at Arwal Son  Ghat 06 on Sone River of District-Arwal State-Bihar,BANSHIDHAR CONSTRUCTION PRIVATE LIMITED,For further consideration(SEAC),EC,
1,971,SIA/BR/MIN/30950/2019,SIA/1(a)/585/18,Bihari Sand Ghat mining project,WESTLINK TRADING PRIVATE LIMITED,EC Granted,EC,
2,972,SIA/BR/MIN/140880/2020,,"Brick Earth Mining Project of Area 4.18 Acres or 1.69 Hectare M/s Rakesh Bricks at Mauza- Senuaria, P.S- Inarwa, Block- Mainatand, District-West Champaran, State - Bihar",M/S RAKESH INT UDYOG,Delisted,EC,
3,973,SIA/BR/MIN/144003/2020,,BRICK EARTH MINING PROJECT FOR M/S S R P ENT UDYOG MAUZA KAMALDAH BATHNAHA SITAMARHI AREA 3.11 Ac,M/S S R P ENT UDYOG PROP SUNIL KUMAR,Delisted,EC,
4,974,SIA/BR/MIN/35501/2019,,"Soil  Mining Project of Area 4.23 Acres or 1.71  Hectare  at Vill- Gangura Bihara,  P.O-  Bihara, P.S-  Bihara, Block-  Satar Kataiya, District-  Saharsa, State-  Bihar for M/s  Ganpati Construction",GANPATI CONSTRUCTION,Pending at PP due to eds,EC,
5,975,SIA/BR/MIN/35982/2019,,"Mauza- Aurangpur, P.O- Nataul, P.S- Kadirganj, Block- Dhanarua, District- Patna, State- Bihar",JMK INT UDYOG,Pending at PP due to eds,EC,
6,976,SIA/BR/MIN/36050/2019,,"Proposed Brick Earth Mining Project of Area 2.44 Acres or 0.99 Hectare for M/s  Mamta Int Udyog at Mauza + P.O- Dariapur, P.S + Block- Naubatpur, District- Patna, State-  Bihar.",MAMTA INT UDYOG,Pending at PP due to eds,EC,
7,977,SIA/BR/MIS/31274/2018,SIA/7(da)/650/19,"COMMON BIO MEDICAL WASTE TREATMENT FACILITY” LOCATED AT VILLAGE: RAM CHAK BAIRIYA, TEHSIL AND DISTRICT –PATNA (BIHAR)",M/S SANGAM MEDISERVE PVT LTD,EC Granted,EC,
8,978,SIA/BR/MIN/445780/2023,SIA/1(a)/2280/2023,Sand Ghat Mining Project (Jamui Kiul Block - 05) at Kiul River bed,RATAN COAL TRADING PRIVATE LIMITED,EC Granted,EC,
9,979,SIA/BR/MIN/31243/2015,SIA/1(a)/08/2015,Brick Clay Mining Project-Shivam Bricks-B2,SHIVAM BRICKS,Delisted,EC,
10,980,SIA/BR/MIN/443750/2023,SIA/1(a)/2356/2023,Sand Ghat Mining Project (Jamui Kiul Block - 03) at Riverbed of Kiul River,SANJAY KUMAR,EC Granted,EC,
1,981,SIA/BR/MIN/129768/2019,,"Proposed Brick Earth Mining Project of Area 2.77 Acres or 1.12 Hectare for M/s Hira Bricks at Mauza-Lodipur, P.O-Byapur, P.S + Block-Maner, District-Patna, State-Bihar.",M/S HIRA BRICKS,Delisted,EC,
2,982,SIA/BR/MIN/130178/2019,,Brick Earth Mining Project for M/s A.R.L Bricks,BRICK  EARTH  MINING  PROJECT,Delisted,EC,
3,983,SIA/BR/MIN/167779/2020,,Brick Clay Mining Project,N.B.F. BRICKS,Delisted,EC,
4,984,SIA/BR/MIN/143885/2020,,BRICK EARTH MINING PROJECT M/S BHARAT EET UDYOG MAUZA RAMPUR SAIDPUR RUNNI RUNNI SAIDPUR SITAMARHI AREA 2.52,M/S BHARAT EET UDYOG RPOP MERAJ KHAN AREA 2.52,Delisted,EC,
5,985,SIA/BR/MIN/143912/2020,,"Brick Earth Mining Project at Village- Chehal Mudera, P.O- Ghareya, P.S- Atri, District- Gaya(Bihar)",M/S- AMAR BRICKS,Delisted,EC,
6,986,SIA/BR/MIN/141164/2020,,"Brick Earth Mining Project at Mauza- Nabani, P.O- Nabani, P.S- Jhanjharpur, District- Madhubani (Bihar)",M/S- JAGDAMBA INT UDYOG,Delisted,EC,
7,987,SIA/BR/MIN/38009/2019,,"Report of Brick Earth Mining Project of Area 2.22 Acres or 0.90 Hectare for M/s R.P.S Bricks at Mauza: Lodipur, Sherpur, P.O: Byapur, Sherpur, P.S: Maner, District: Patna, State: Bihar.",MS RPS BRICKS,Pending at PP due to eds,EC,
8,988,SIA/BR/IND/29688/2017,SIA/5(i)/605/2019,Indira Paper Mill Pvt. Ltd.,INDIRA PAPER MILL PVT LTD,EC Granted,EC,
9,989,SIA/BR/MIN/31517/2019,SIA/1(a)/626/19,"Sand mining project on Mustafapur ghat on Son river over an area of 23,5 ha in district Patna, Bihar",BROADSON COMODITIES PVT LTD,EC Granted,EC,
10,990,SIA/BR/MIN/30884/2019,SIA/1(a)/636/19,"Sand mining project at Muhammadpur ghat on Son river over an area of 24.7 ha in district Patna, Bihar",BROADSON COMODITIES PVT LTD,EC Granted,EC,
1,991,SIA/BR/MIN/66271/2017,SIA/1(a)/588/18,Sand Mining Project at Auraia Sand ghat on Sono River.,WESTLINK TRADING PRIVATE LIMITED,Delisted,EC,
2,992,SIA/BR/MIN/31593/2015,SIA/1(a)/34/2015,Brick Clay Mining Project of M/s Thakur Marka  Bricks,RAHUL PANDEY,Delisted,EC,
3,993,SIA/BR/MIN/444451/2023,SIA/1(a)/2399/2023,"Sand Mining Project, Pahleja Ghat/Unit-12 Sand Ghat of District- Saran, State-Bihar",VIKASH SINGH,EC Granted,EC,
4,994,SIA/BR/IND2/16935/2016,SIA/6(b)/434/17,-1,BPCL MUZAFFARPUR POL DEPOT,Delisted,EC,
5,995,SIA/BR/MIN/59803/2016,,GAGACHOWK GHAT ON BADHUA RIVER,NM FOOD PRODUCT PVT LTD,TransferToDEIAA,EC,
6,996,SIA/BR/INFRA2/442290/2023,SIA/8(b)/2432/2023,"PROPOSED EXPANSION OF ALL INDIA INSTITUTE OF MEDICAL SCIENCES (AIIMS) CAMPUS AND AIIMS RESIDENTIAL CAMPUS AT DISTRICT - PATNA, BIHAR",YOGESH KUMAR,EC Granted,EC,
7,997,SIA/BR/MIN/60616/2016,SIA/1(a)/381/16,sand mining project of Sabalpur ghat at Gandak river,BROADSON COMODITIES PVT LTD,EC Granted,EC,
8,998,SIA/BR/MIN/63523/2017,,"Soil Mining Project at Village- Rahimpur, P.S- Khagaria, Dist.-Khagaria, Bihar",PUNJLLOYD LIMITED,Delisted,EC,
9,999,SIA/BR/MIN/30095/2015,3433,KISAN BRICKS,BUDHIMATI  INTERNATIONAL MINE TECH AND ENVIRONMENTAL CONSULTANCY PVT LTD,Delisted,EC,
10,1000,SIA/BR/MIN/444012/2023,SIA/1(a)/2366/2023,"Sand Mining Project of Area 18.88 Hectare at Rohtas Sone, Know, Thora Sand Ghat (Block-1) on Sone, Kow, Thora River of District-Rohtas State-Bihar.",BANSHIDHAR CONSTRUCTION PRIVATE LIMITED,EC Granted,EC,
1,1001,SIA/BR/MIS/17344/2016,SIA/7(h)/339/16,2 MLD Common Effluent Treatment Plant,BIHAR INDUSTRIAL AREA DEVELOPMENT AUTHORITY,EC Granted,EC,
2,1002,SIA/BR/MIN/71451/2017,,"Stone Mining Project at Mauja- Pachar, Anchal- Rafiganj, District-Aurangabad (Bihar)",K.P.S. STRUCTURE MAKERS PVT. LTD,Delisted,EC,
3,1003,SIA/BR/MIN/66109/2017,SIA/1(a)/592/18,Sand mining Project at Bhour Sand ghat on River Kiul,WESTLINK TRADING PRIVATE LIMITED,Delisted,EC,
4,1004,SIA/BR/MIN/442628/2023,SIA/1(a)/2086/2022,Proposed Sand Mining Project of Area  33.70 Ha at Rohtas Sone  Ghat 14 on Sone River of District-Rohtas State-Bihar.,RUDRA MINING LLP,EC Granted,EC,
5,1005,SIA/BR/MIN/66261/2017,SIA/1(a)/573/18,Sand Mining Project at Manjhway sand ghat on River Kiul,WESTLINK TRADING PRIVATE LIMITED,Delisted,EC,
6,1006,SIA/BR/MIN/59811/2016,SIA/1(a)/356/16,"KALISHAN FULKIA OF GANGA RIVER TEHSIL BARIARPUR, DISTRICT MUNGER, BIHAR
ML AREA 6.6 HA.",NM FOOD PRODUCT PVT LTD,Delisted,EC,
7,1007,SIA/BR/MIN/60668/2016,SIA/1(a)/384/16,Sand Mining Project at Brahmchari Ghat on river Ganga,BROADSON COMODITIES PVT LTD,EC Granted,EC,
8,1008,SIA/BR/NCP/65555/2017,SIA/8(a)/521/17,"Proposed Multi Storeyed Staff Quarters For Patna High Court at Adalatganj, Buddh Marg, Patna",BIHAR STATE BUILDING CONSTRUCTION CORPORATION LTD.,EC Granted,EC,
9,1009,SIA/BR/MIN/446410/2023,SIA/1(a)/2424/2023,"Sand Mining Project, Nalanda Cluster-03 Sand Ghat of District- Nalanda, State-Bihar",MANI RAM,EC Granted,EC,
10,1010,SIA/BR/NCP/76543/2018,,"Proposed construction of Govt Medical College and Hospital Block at Govt Sadar Hospital Complex, Line Bazar, Purnia town, Purnia East Tehsil, Purnia District, Bihar","BIHAR MEDICAL SERVICES & INFRASTRUCTURE CORPORATION LTD.,",Delisted,EC,
1,1011,SIA/BR/MIN/66261/2017,SIA/1(a)/573/18,Sand Mining Project at Manjhway sand ghat on River Kiul,WESTLINK TRADING PRIVATE LIMITED,Delisted,EC,
2,1012,SIA/BR/MIN/59811/2016,SIA/1(a)/356/16,"KALISHAN FULKIA OF GANGA RIVER TEHSIL BARIARPUR, DISTRICT MUNGER, BIHAR
ML AREA 6.6 HA.",NM FOOD PRODUCT PVT LTD,Delisted,EC,
3,1013,SIA/BR/MIN/60668/2016,SIA/1(a)/384/16,Sand Mining Project at Brahmchari Ghat on river Ganga,BROADSON COMODITIES PVT LTD,EC Granted,EC,
4,1014,SIA/BR/NCP/65555/2017,SIA/8(a)/521/17,"Proposed Multi Storeyed Staff Quarters For Patna High Court at Adalatganj, Buddh Marg, Patna",BIHAR STATE BUILDING CONSTRUCTION CORPORATION LTD.,EC Granted,EC,
5,1015,SIA/BR/MIN/446410/2023,SIA/1(a)/2424/2023,"Sand Mining Project, Nalanda Cluster-03 Sand Ghat of District- Nalanda, State-Bihar",MANI RAM,EC Granted,EC,
6,1016,SIA/BR/NCP/76543/2018,,"Proposed construction of Govt Medical College and Hospital Block at Govt Sadar Hospital Complex, Line Bazar, Purnia town, Purnia East Tehsil, Purnia District, Bihar","BIHAR MEDICAL SERVICES & INFRASTRUCTURE CORPORATION LTD.,",Delisted,EC,
7,1017,SIA/BR/MIN/59789/2016,,"Balu/ Sand Mining (Minor Mineral) Category- B2 (M.L. Area- 2.3 ha) with Production Capacity of 15000 TPA at Hamjapur Ghat of Ganga River in Tehsil: Dharhara, District: Munger (Bihar)",NM FOOD PRODUCT PVT LTD,TransferToDEIAA,EC,
8,1018,SIA/BR/MIN/66274/2017,,Sand Mining Project on Rangmatia Sand Ghat on Patro River.,WESTLINK TRADING PRIVATE LIMITED,Delisted,EC,
9,1019,SIA/BR/MIN/437776/2023,SIA/1(a)/2071/2022,Sand Mining Project at Kiul River Cluster I (Block No.- 03 & 04) Lakhisarai Sand Ghat over Area 44.30 Hect.,VINAY CONSTRUCTION,EC Granted,EC,
10,1020,SIA/BR/INFRA2/438864/2023,SIA/8(b)/2427/2023,"Mega Food Park, Motipur (A project of Bihar Industrial Area Development Authority)",BIHAR INDUSTRIAL AREA DEVELOPMENT AUTHORITY,EC Granted,EC,
1,1021,SIA/BR/MIN/71231/2017,,Sand Mining Project at Barkail Sand Ghat,WESTLINK TRADING PRIVATE LIMITED,Delisted,EC,
2,1022,SIA/BR/RIV/17938/2016,,-1,"WATER RESOURCES DEPARTMENT, BIHAR",Delisted,EC,
3,1023,SIA/BR/MIN/456553/2023,SIA/1(a)/2451/2023,"Block 29 (Gaya Morhar 16)  Sand Ghat of District- Gaya, State-Bihar",VINAY CONSTRUCTION,For further consideration(SEAC),EC,
4,1024,SIA/BR/MIN/71314/2017,,"Sand Mining Projct at Inguni Sand Ghat on Buddh River, Anchal-Paraiya,Dist- Gaya, Bihar",WESTLINK TRADING PRIVATE LIMITED,Delisted,EC,
5,1025,SIA/BR/MIN/31461/2015,SIA/1(a)/17/2015,India Int Udyog,RAVIN KUMAR RAI,Delisted,EC,
6,1026,SIA/BR/MIN/59791/2016,,"""KAURIAH GHAT ON MAHANI RIVER"" (Khasra No. 29,322)",NM FOOD PRODUCT PVT LTD,TransferToDEIAA,EC,
7,1027,SIA/BR/MIN/64347/2017,SIA/1(a)/487/17,Sand Mining Project at Madarpur & Dhamaniya Sand Ghat on Morhar River.,WESTLINK TRADING PRIVATE LIMITED,EC Granted,EC,
8,1028,SIA/BR/MIN/31363/2015,SIA/1(a)/13/2015,L.B.F Bricks Udyog,YADUNANDAN CHAUHAN,Delisted,EC,
9,1029,SIA/BR/NCP/61804/2017,SIA/8(a)/421/17,"Proposed Residential Building “Winsome Empire” 
at Plot No.- 531 & 613 and 614,  Mauza- Sikandarpur, Thana- Danapur, District- Patna, State- Bihar",WINSOME INFRASTRUCTURE,EC Granted,EC,
10,1030,SIA/BR/MIN/430526/2023,SIA/1(a)/2052/2022,"Sand Mining Project on Sone River at Aurangabad Ghat 21, of District - Aurangabad, State-Bihar.",BABITA SINHA,EC Granted,EC,
1,1031,SIA/BR/MIN/34170/2019,,Rampur Dharampatti Sand Ghat on Tilawe   River,SUJEET KUMAR,Pending at PP due to eds,EC,
2,1032,SIA/BR/MIN/34585/2019,,Proposed Sand Mining Project of area 4.90 ha at Kharahat Ghat on Ganga River of District- Begusarai of State-Bihar,RADHA SWAMI AUTOMOBILES,Pending at PP due to eds,EC,
3,1033,SIA/BR/MIN/35026/2019,,Bara Balu Ghat on Burhi Gandak  River,VINAY  KUMAR,Delisted,EC,
4,1034,SIA/BR/MIN/132348/2019,,Proposed Brick Earth Mining,MAA DEVI BRICKS,Delisted,EC,
5,1035,SIA/BR/MIN/132474/2019,,"ASTUPUR M/S NARAYAN BRICKS COMPANY) for Production Capacity 4212 TPA, Area – 2.46Ac ( l.00 Ha), Mauza- Astupur, Khata  no-  197, 231, 171, 124, 197, 121. Khasra  No.  1600, 1621, 1604, 1651, 1631, 159",ASTUPUR SOIL BRICK MINE,Delisted,EC,
6,1036,SIA/BR/MIN/133383/2019,,"Brick Earth Mining Project atVillage- Bhithi Sahabuddin, P.O- Bhithi Sahabuddin, P.S- Baniyapur, District- Saran (Bihar)",M/S A-ANAND INT UDYOG,Delisted,EC,
7,1037,SIA/BR/MIN/30972/2019,SIA/1(a)/575/18,Ghanshyamthan Koluha Sand Ghat mining project,WESTLINK TRADING PRIVATE LIMITED,EC Granted,EC,
8,1038,SIA/BR/MIN/138710/2020,,ODINARY CLAY MINING PROJECT FOR BSCPL INFRASTRUCTURE LTD. MAUZA MEGHAUNA ALAULI KHAGARIA,BSCPL INFRASTRUCTURE LTD. MAUZA MEGHAUNA AREA 12.34 AC,Delisted,EC,
9,1039,SIA/BR/MIN/138356/2020,,"SARDAHAN SAND GHAT (CHILAUNI RIVER), APPLICANT- MR. SUJEET KUMAR, AREA- 1.8 HA, VILL.- DHALHA GARHIYA (NORTH), DIST.- SUPAUL , BIHAR","MR. SUJEET KUMAR, DISTRICT- SUPAUL, BIHAR",Delisted,EC,
10,1040,SIA/BR/MIN/138915/2020,,"Amha Laukaha Sand Ghat (Tilawe River), area- 1.4 Ha., Applicant- Mr. Sujeet Kumar, District- Supaul, Bihar","MR. SUJEET KUMAR, DISTRICT- SUPAUL, BIHAR",Delisted,EC,
1,1041,SIA/BR/MIN/442746/2023,,Sand Ghat Mining Project (Jamui Kiul Block - 12) at Riverbed of Kiul River,ASHUTOSH ANAND,Pending at PP due to eds,EC,
2,1042,SIA/BR/MIN/48975/2016,,"River Sand (Minor Mineral) Mining Project for Sidhipur Ghat (52650 TPA), Area 2.60 ha, in 
District- Buxar (Bihar)",MS KATYAYNI CONTRACTORS PVT LTD,Delisted,EC,
3,1043,SIA/BR/NCP/59758/2016,,"Proposed Expansion (Phase I) of Darbhanga Medical College and Hospital, District Darbhanga, Bihar",BIHAR MEDICAL SERVICES AND INFRASTRUCTURE CORPORATION LIMITED,Delisted,EC,
4,1044,SIA/BR/MIN/441326/2023,SIA/1(a)/2076/2022,Proposed Sand Mining Project of Area  69.60 Ha at Rohtas Sone  Ghat 15 on Sone River of District-Rohtas State-Bihar.,SANJAY KUMAR TECHNOCRATE PRIVATE LIMITED,EC Granted,EC,
5,1045,SIA/BR/MIN/444156/2023,SIA/1(a)/2341/2023,Sand Ghat Mining Project (Bhoj Son 18 Sand Ghat) at Riverbed of Son River.,RITA DEVI,EC Granted,EC,
6,1046,SIA/BR/MIN/66098/2017,,Sand Mining Project at Giddheshwar Sand Ghat on Kiul River.,WESTLINK TRADING PRIVATE LIMITED,Delisted,EC,
7,1047,SIA/BR/INFRA2/414514/2023,SIA/7(da)/2036/2022,"PROPOSED COMMON BIOMEDICAL WASTE TREATMENT FACILITY at  Khata no.100 (Plot no. 416), Khata no.133 (Plot no.415), Khata no.76 (Plot no.742) at Mauza Ainio, Fatuha, District Patna, Bihar by M/s S.R. SOLUTION",SANTOSH OJHA,Rejection Letter Granted,EC,
8,1048,SIA/BR/MIN/70061/2017,,Proposed Sand Mining Project at Bagahi Sand Ghat on Morhar River,WESTLINK TRADING PRIVATE LIMITED,Delisted,EC,
9,1049,SIA/BR/MIN/440485/2023,SIA/1(a)/2394/2023,"Sand Mining Project, Block- 11 (Marpo)  Sand Ghat of District- Nawada, State-Bihar.",SURENDRA KUMAR,EC Granted,EC,
10,1050,SIA/BR/MIN/18872/2015,SIA/1(a)/461/17,"Rajauli (Block 6) Ordinary Stone Mining Project Village: Rajauli, Tehsil-Nawada &  District-Nawada, State-Bihar",MS BSCPL INFRASTRUCTURE LTD,EC Granted,EC,
1,1051,SIA/BR/MIN/451010/2023,SIA/1(a)/2361/2023,"Sand Mining Project, Block 46 (Gaya Lilajan 12/13/14/15)  Sand Ghat of District- Gaya, State-Bihar.",M/S GOPAL KUMAR SINGH,EC Granted,EC,
2,1052,SIA/BR/MIN/31702/2015,SIA/1(a)/47/2015,M/s AKS Int Udyog,ANIL KUMAR,Delisted,EC,
3,1053,SIA/BR/MIN/66104/2017,SIA/1(a)/557/18,Sand Mining Project at Kalyanpur Sand Ghat on River Kiul,WESTLINK TRADING PRIVATE LIMITED,Delisted,EC,
4,1054,SIA/BR/MIN/66093/2017,SIA/1(a)/585/18,Sand Mining Project Bihari Sand Ghat on Kiul River.,WESTLINK TRADING PRIVATE LIMITED,Delisted,EC,
5,1055,SIA/BR/MIS/17346/2016,SIA/7(h)/340/16,6 MLD Common Effluent Treatment Plant,BIHAR INDUSTRIAL AREA DEVELOPMENT AUTHORITY,EC Granted,EC,
6,1056,SIA/BR/MIN/450554/2023,SIA/1(a)/2445/2023,Sand Mining Project of Area 13.0 Ha at Sand Block-17 Ghat on Khuri River  of District-Nawada of State-Bihar,SNEHAL ROY,EC Granted,EC,
7,1057,SIA/BR/MIN/59794/2016,SIA/1(a)/351/16,"""MARWA GHAT ON BADHUA RIVER""",NM FOOD PRODUCT PVT LTD,EC Granted,EC,
8,1058,SIA/BR/MIN/64415/2017,SIA/1(a)/478/17,Sand Mining Project at Riula Sand Ghat on Dhadhar River.,WESTLINK TRADING PRIVATE LIMITED,EC Granted,EC,
9,1059,SIA/BR/MIN/444075/2023,SIA/1(a)/2364/2023,"Proposed Sand Mining Project of Area 54.66 Ha at Patna Sone -07 Ghat on Sone River of District-Patna, State-Bihar.",MOR MUKAT MARKETING PRIVATE LIMITED,EC Granted,EC,
10,1060,SIA/BR/MIN/60516/2016,SIA/1(a)/379/16,"Sand Mining Project at Sharwan Dumri on River Falgu, district Jehanabad, Bihar",BANSHIDHAR CONSTRUCTION PVT LTD,EC Granted,EC,
1,1061,SIA/BR/MIN/136215/2020,,"Brick Earth Mining Project at Mauza- Chanda, P.O- Dhibra, P.S- Dhibra, Anchal- Dev, District- Aurangabad(Bihar)",M/S SHIVSHAKTI INT UDYOG,Delisted,EC,
2,1062,SIA/BR/MIN/136494/2020,,M/S B.M.W INT UDYOG,M/S- B.M.W INT UDYOG,Delisted,EC,
3,1063,SIA/BR/MIN/136794/2020,,"Brick Earth Mining Project at Village- Rasalpur, P.O- Manpur, P.S- Mufassil, District- Gaya(Bihar)",M/S DEVI BRICKS,Delisted,EC,
4,1064,SIA/BR/MIN/136830/2020,,"Brick Earth Mining Project at Village- Chatanwar, P.O- Chatanwar , P.S - Krishna Braham, District-Buxar(Bihar)",M/S- PRADHAN INT BHATTA UDYOG,Delisted,EC,
5,1065,SIA/BR/MIN/137000/2020,,"Brick Earth Mining Project at Village- Rampur (Madhurapur), P.O- Rampur(Madhurapur), P.S- Kahalgaon, District- Bhagalpur (Bihar)",M/S MAA TARA BRICKS,Delisted,EC,
6,1066,SIA/BR/MIN/161171/2020,,BRICK EARTH MINING PROJECT FOR M/S ATA BRICKS MAUZA GARHA RANIGANJ ARARIA AREA 3.00 Ac 1.21 Ha,ATA BRICKS PROP UMESH SHARMA,Delisted,EC,
7,1067,SIA/BR/IND2/227034/2021,SIA/5(g)/1653/2021,Newgen Biofuel Pvt. Ltd. (NBPL),NEWGEN BIOFUEL PVT LTD,EC Granted,EC,
8,1068,SIA/BR/MIN/137847/2020,,"BRICK EARTH MINING PROJECT FOR M/S RESHMI INT UDYOG, MAUZA AMNAWAN, ISLAMPUR, DISTRICT NALANDA AREA- 3.01 Ac, 1.21 Ha",M/S RESHMI INT UDYOG PROP ABHISHEK KUMAR,Delisted,EC,
9,1069,SIA/BR/MIN/41567/2019,,DAGMARA LALMAN PATTI SAND GHAT,SUJEET KUMAR DISTRICT SUPAUL,Pending at PP due to eds,EC,
10,1070,SIA/BR/MIN/30928/2019,SIA/1(a)/546/18,Ghosi Kundi sand Ghat Mining Project of Area 22.0 ha District Lakhisarai Bihar on Kiul River,WESTLINK TRADING PRIVATE LIMITED,EC Granted,EC,
1,1071,SIA/BR/MIN/66104/2017,SIA/1(a)/557/18,Sand Mining Project at Kalyanpur Sand Ghat on River Kiul,WESTLINK TRADING PRIVATE LIMITED,Delisted,EC,
2,1072,SIA/BR/MIN/66093/2017,SIA/1(a)/585/18,Sand Mining Project Bihari Sand Ghat on Kiul River.,WESTLINK TRADING PRIVATE LIMITED,Delisted,EC,
3,1073,SIA/BR/MIS/17346/2016,SIA/7(h)/340/16,6 MLD Common Effluent Treatment Plant,BIHAR INDUSTRIAL AREA DEVELOPMENT AUTHORITY,EC Granted,EC,
4,1074,SIA/BR/MIN/450554/2023,SIA/1(a)/2445/2023,Sand Mining Project of Area 13.0 Ha at Sand Block-17 Ghat on Khuri River  of District-Nawada of State-Bihar,SNEHAL ROY,EC Granted,EC,
5,1075,SIA/BR/MIN/59794/2016,SIA/1(a)/351/16,"""MARWA GHAT ON BADHUA RIVER""",NM FOOD PRODUCT PVT LTD,EC Granted,EC,
6,1076,SIA/BR/MIN/444075/2023,SIA/1(a)/2364/2023,"Proposed Sand Mining Project of Area 54.66 Ha at Patna Sone -07 Ghat on Sone River of District-Patna, State-Bihar.",MOR MUKAT MARKETING PRIVATE LIMITED,EC Granted,EC,
7,1077,SIA/BR/MIN/64415/2017,SIA/1(a)/478/17,Sand Mining Project at Riula Sand Ghat on Dhadhar River.,WESTLINK TRADING PRIVATE LIMITED,EC Granted,EC,
8,1078,SIA/BR/MIN/60516/2016,SIA/1(a)/379/16,"Sand Mining Project at Sharwan Dumri on River Falgu, district Jehanabad, Bihar",BANSHIDHAR CONSTRUCTION PVT LTD,EC Granted,EC,
9,1079,SIA/BR/NCP/65336/2017,SIA/8(a)/504/17,"Proposed Residential and Commercial Building “Devendra Green City” at  Opp. Mahindra Commercial Vehicle Showroom, SH-01, Patna-Gaya road, District- Patna., Bihar",MAHENDRA GREEN HOMES PVT LTD,EC Granted,EC,
10,1080,SIA/BR/MIN/64382/2017,SIA/1(a)/482/17,Sand Mining Project at Pachmahla Ghat on Morhar River,WESTLINK TRADING PRIVATE LIMITED,EC Granted,EC,
1,1081,SIA/BR/MIN/31461/2015,SIA/1(a)/17/2015,India Int Udyog,RAVIN KUMAR RAI,Delisted,EC,
2,1082,SIA/BR/MIN/59791/2016,,"""KAURIAH GHAT ON MAHANI RIVER"" (Khasra No. 29,322)",NM FOOD PRODUCT PVT LTD,TransferToDEIAA,EC,
3,1083,SIA/BR/MIN/64347/2017,SIA/1(a)/487/17,Sand Mining Project at Madarpur & Dhamaniya Sand Ghat on Morhar River.,WESTLINK TRADING PRIVATE LIMITED,EC Granted,EC,
4,1084,SIA/BR/MIN/31363/2015,SIA/1(a)/13/2015,L.B.F Bricks Udyog,YADUNANDAN CHAUHAN,Delisted,EC,
5,1085,SIA/BR/NCP/61804/2017,SIA/8(a)/421/17,"Proposed Residential Building “Winsome Empire” 
at Plot No.- 531 & 613 and 614,  Mauza- Sikandarpur, Thana- Danapur, District- Patna, State- Bihar",WINSOME INFRASTRUCTURE,EC Granted,EC,
6,1086,SIA/BR/MIN/430526/2023,SIA/1(a)/2052/2022,"Sand Mining Project on Sone River at Aurangabad Ghat 21, of District - Aurangabad, State-Bihar.",BABITA SINHA,EC Granted,EC,
7,1087,SIA/BR/MIN/446350/2023,SIA/1(a)/2429/2023,"Proposed Sand Mining Project of Area 9.7 Ha at Nalanda Lokain – 01, Lokain Sand Ghat No -04 on Lokain River of District- Nalanda, State-Bihar.",NAGENDRA KUMAR,EC Granted,EC,
8,1088,SIA/BR/MIN/60637/2016,SIA/1(a)/376/16,"Proposed Sand Mining Project of Area 23.0 Ha at Bhagwatpur Ghat on Son River of
District- Bhojpur of State- Bihar",BROADSON COMODITIES PVT LTD,EC Granted,EC,
9,1089,SIA/BR/MIN/31611/2015,SIA/1(a)/40/2015,M/s Bajrang Bricks Company,NIKHIL KUMAR,Delisted,EC,
10,1090,SIA/BR/MIN/436702/2023,SIA/1(a)/2089/2022,Proposed Sand Mining Project of Area 94.88 Ha at Aurangabad Ghat 09 on Sone River of District-Aurangabad State-Bihar.,BABITA SINHA,EC Granted,EC,
1,1091,SIA/BR/MIN/130764/2019,,"Asurar (Khasra No. 1150, 1100,1097,1078,982,958, 956,894)  brick earth (soil) mining project.",M/S BHARAT-INT UDYOG,Delisted,EC,
2,1092,SIA/BR/MIN/31033/2019,SIA/1(a)/622/19,"Sand mining project at Trikaul ghat on Son river in district Bhjpur, Bihar",BROADSON COMODITIES PVT LTD,EC Granted,EC,
3,1093,SIA/BR/MIN/140310/2020,,"BRICK EARTH MINING PROJECT FOR MAUZA SARSI, PALIGANJ, PATNA, AREA 4.26 Ac, 1.72 Ha",M/S LAXMI BRICKS PROP ASHOK KUMAR,Delisted,EC,
4,1094,SIA/BR/MIN/30872/2019,SIA/1(a)/625/19,"sand mining project at Amnabad ghat 1 on Son river over an area of 24.8 ha in dist. Patna, Bihar",BROADSON COMODITIES PVT LTD,EC Granted,EC,
5,1095,SIA/BR/MIN/31240/2015,SIA/1(a)/07/2015,Brick Clay Mining Project-Das Int Udyog-B2,DAS INT UDYOG,Delisted,EC,
6,1096,SIA/BR/MIN/64503/2017,SIA/1(a)/469/17,Sand mining project at Nigri ghat on Lilajan river,WESTLINK TRADING PRIVATE LIMITED,EC Granted,EC,
7,1097,SIA/BR/INFRA2/447629/2023,SIA/8(a)/2485/2023,Thakur Singh Suncity Complex (Residential Building Project of Bhuswami Buildcon Pvt. Ltd.),BHUSWAMI BUILDCON PRIVATE LIMITED,Deferred by SEAC,EC,
8,1098,SIA/BR/MIN/66177/2017,,Sand Mining Project at Jalkariya Sand Ghat on Barnar River,WESTLINK TRADING PRIVATE LIMITED,Delisted,EC,
9,1099,SIA/BR/MIN/59837/2016,,Balu/Sand Mining at Choti Khoru of Mahani river Tehsil Tetiha Bambor District Munger Bihar Leasr Area 2.8 ha,NM FOOD PRODUCT PVT LTD,TransferToDEIAA,EC,
10,1100,SIA/BR/MIN/69944/2017,,"Proposed Sand Mining Project at Usewa Sand Ghat, Morhar River",WESTLINK TRADING PRIVATE LIMITED,Delisted,EC,
1,1101,SIA/BR/MIN/141034/2020,,ORDINARY CLAY MINING PROJECT FOR BSCPL INFRASTRUCTURE LTD MAUZA RAHIYAR KOCHI,BSCPL INFRASTRUCTURE LTD MAUZA  RAHIYAR KOCHI AREA 12.34 AC,Delisted,EC,
2,1102,SIA/BR/MIN/130169/2019,,"MOHANPUR M/s- DADA INT UDYOG Project, For Production Capacity – 9557.1 TPA, Area-2.5ha (5.6 Ac.), Thana no- 194, Khata no- 7/110 Plot no.- 01/240. Mauza- Mohanpur, P.S.-Morkahi, Circle- Alauli, Distri",M/S DADA INT UDYOG,Delisted,EC,
3,1103,SIA/BR/MIS/129827/2019,SIA/8(a)/1232/2020,"500 Bedded Government Hospital, Mahua (Vaishali), Bihar","HEALTH DEPARTMENT , GOVT. OF BIHAR",EC Granted,EC,
4,1104,SIA/BR/MIN/129863/2019,,Sand Mining Project at Pachhnor  Sand Ghat (4.80 Ha.) on Baghmati riverbed in Sitamarhi district of Bihar,NAVEENKUMAR SITAMARHI,Delisted,EC,
5,1105,SIA/BR/MIN/130490/2019,,"Brick Earth Mining Project at Mauza- Pahsara, P.O- Pahsara, P.S- Naokothi, District- Begusarai (Bihar)",M/S- A ONE INT UDYOG,Delisted,EC,
6,1106,SIA/BR/MIN/130657/2019,,"Proposed Brick Earth Mining Project of Area 3.22 Acres or 1.30 Hectare for M/s Maa Tara Int Udyog at Mauza + P.O- Dobhwan, P.S + Block- Pandarakh, District- Patna, State - Bihar",M/S MAA TARA INT UDYOG,Delisted,EC,
7,1107,SIA/BR/MIN/130584/2019,,Brick  Earth  Mining Project  for  M/s Guru Kripa  Bricks,M/S GURU KRIPA BRICKS,Delisted,EC,
8,1108,SIA/BR/MIS/279226/2022,SIA/8(a)/2038/2022,"Government Medical College and Hospital at Arrah, Bhojpur Bihar.",DEPARTMENT OF HEALTH GOVERMENT OF BIHAR,EC Granted,EC,
9,1109,SIA/BR/MIS/123681/2019,SIA/8(a)/700/19,CRESCENT (Residential Building Project of Nutan Construction),NUTAN CONSTRUCTION,EC Granted,EC,
10,1110,SIA/BR/MIN/128524/2019,,"Jujharpur M/S KUMAR BRICKS Earth Mining Project, For Production Capacity - 5454.54 TPA, Area-1.17ha (2.90Ac), Thana no-128, Khata no-262. Plot no.-510,512, under Lanka Karchuara Gram Panchayat, Mauza-",M/S KUMAR BRICKS,Delisted,EC,
1,1111,SIA/BR/MIN/445457/2023,SIA/1(a)/2288/2023,"Sand Mining Project, Falgu River (Block No.- 09) Sand Ghat  of District- Gaya, State-Bihar.",AMBUJ SHARMA,EC Granted,EC,
2,1112,SIA/BR/MIN/71233/2017,,Sand Mining Project at Donaiya Sand Ghat,WESTLINK TRADING PRIVATE LIMITED,Delisted,EC,
3,1113,SIA/BR/MIS/19429/2015,SIA/7(da)/02/16,"Common Biomedical Waste Treatment Facility at Bela Industrial Area, Muzaffarpur district, Bihar",MEDICARE ENVIRONMENTAL MANAGEMENT PRIVATE LIMITED,EC Granted,EC,
4,1114,SIA/BR/NCP/64874/2017,SIA/8(a)/465/17,"Proposed Group Housing Project “The Great Ashoka City” at Thana no. 19, mauza ranipur, Patna, Bihar",APARNA ARCHITECT AND ENGICONS PVT LTD,EC Granted,EC,
5,1115,SIA/BR/MIN/442395/2023,SIA/1(a)/2079/2022,Sand Mining on Son river,DAMAS CIVIL CONSTRUCTIONS INDIA PRIVATE LIMITED,EC Granted,EC,
6,1116,SIA/BR/MIN/443148/2023,SIA/1(a)/2054/2022,"Proposed Sand Mining Project of Area 40.98 Ha at Patna Sone -06 Ghat on Son River of District-Patna, State-Bihar",LALAN KUMAR,EC Granted,EC,
7,1117,SIA/BR/IND2/19540/2016,SIA/6(b)/332/16,HINDUSTAN PETROLEUM CORPORATION LIMITED,Hindustan Petroleum Corporation Limited,EC Granted,EC,
8,1118,SIA/BR/MIN/444353/2023,SIA/1(a)/2397/2023,"Sand Mining Project, Bhoj Son 38 Sand Ghat of District- Bhojpur, State-Bihar.",RAJEEV SINGH,EC Granted,EC,
9,1119,SIA/BR/MIN/446693/2023,SIA/1(a)/2441/2023,"Proposed Sand Mining Project of Area 10.0 Ha at Nalanda Lokain – 02, Lokain Sand Ghat No -05 on Lokain River of District- Nalanda, State-Bihar.",PAPPU KUMAR,EC Granted,EC,
10,1120,SIA/BR/MIN/445534/2023,SIA/1(a)/2358/2023,Sand Ghat Mining Project (Jamui Kiul Block No. -15) at River bed of Kiul River,GANESH SAI CONTRACTOR & CONSTRUCTION PRIVATE LIMITED,EC Granted,EC,
1,1121,SIA/BR/INFRA2/417613/2023,SIA/8(a)/2308/2023,Proposed Residential Building,RAJIV RANJAN,EC Granted,EC,
2,1122,SIA/BR/MIN/30384/2015,3448,,AFTAB ALAM,Delisted,EC,
3,1123,SIA/BR/MIN/61902/2017,SIA/1(a)/444/17,Banka Sand Blocks (Stretch I Block 1) Mining Project,MAHADEV ENCLAVE PVT LTD,EC Granted,EC,
4,1124,SIA/BR/MIS/86427/2018,,Tiruvantpuram City (Vidhut Nagar) (A Project of Nesh India Infrastructure Pvt Ltd),NESH INDIA INFRASTRUCTURE PVT LTD,Delisted,EC,
5,1125,SIA/BR/MIN/60636/2016,SIA/1(a)/378/16,Sand Mining project at Nansagar Ghat,BROADSON COMODITIES PVT LTD,EC Granted,EC,
6,1126,SIA/BR/MIN/60617/2016,SIA/1(a)/366/16,"Proposed Sand Mining Project of Area 23 Ha at Kallu-Gangajal Ghat on Ganga River
of District- Saran of State- Bihar",BROADSON COMODITIES PVT LTD,Delisted,EC,
7,1127,SIA/BR/MIN/65393/2017,SIA/1(a)/512/17,Sand Mining Project at Sundar Belbigha Ghat on Falgu River.,WESTLINK TRADING PRIVATE LIMITED,EC Granted,EC,
8,1128,SIA/BR/MIN/450594/2023,SIA/1(a)/2349/2023,"Sand Mining Project, Madhepura Unit 01 Sand Ghat of District- Madhepura , State-Bihar",ABHISHEK SINGH,EC Granted,EC,
9,1129,SIA/BR/MIN/31241/2015,3503,Brick Clay Mining Project-A-1 Int Udyog-B2,A ONE INT UDYOG,Delisted,EC,
10,1130,SIA/BR/MIN/63518/2017,SIA/1(a)/452/17,"Soil Mining Project at Vill- Matihani Jalalpur, P.S- Matihani, Begusarai, Bihar",PUNJLLOYD LIMITED,Delisted,EC,
1,1131,SIA/BR/MIN/60868/2016,SIA/1(a)/398/16,Sand Mining Project at Hardi Chapra Ghat on river Ganga,BROADSON COMODITIES PVT LTD,EC Granted,EC,
2,1132,SIA/BR/MIN/60664/2016,SIA/1(a)/394/16,Sand mining Project at pipapur & Panapur ghat,BROADSON COMODITIES PVT LTD,EC Granted,EC,
3,1133,SIA/BR/MIN/30937/2015,SIA/1(a)/02/2015,STONE MINING PROJECT-NECL-B2,NAVAYUGA ENGINEERING COMPANY LTD,Delisted,EC,
4,1134,SIA/BR/MIN/30640/2015,3465,Brick Clay Mining- S D J Bricks,M/S S.D.J BRICKS,Delisted,EC,
5,1135,SIA/BR/MIN/31377/2015,SIA/1(a)/18/2015,Shivam Int Udyog,RAJESHWAR SINGH,Delisted,EC,
6,1136,SIA/BR/MIN/443760/2023,SIA/1(a)/2246/2023,Sand Ghat Mining Project at Patna Sone 03 Sand Ghat over Area 56.44 Hect.. Dist - Patna,RANA SAURAV,EC Granted,EC,
7,1137,SIA/BR/INFRA2/445473/2023,,Proposed Common Bio-Medical Waste Treatment and Disposal Facility M/s Prakriti Waste Management,OM PRAKASH,Pending at PP due to eds,EC,
8,1138,SIA/BR/MIN/64506/2017,SIA/1(a)/494/17,Sand Mining Project at Dadu Barma Sand Ghat on Morhar River.,WESTLINK TRADING PRIVATE LIMITED,EC Granted,EC,
9,1139,SIA/BR/MIN/31763/2015,SIA/1(a)/50/2015,,AJAY INT UDYOG,Delisted,EC,
10,1140,SIA/BR/MIN/59867/2016,,bathani river sand mine,OVERSEAS MIN TECH CONSULTANT,Delisted,EC,
1,1141,SIA/BR/MIN/446017/2023,SIA/1(a)/2383/2023,"Sand Mining Project, Patna Culster-12 (Patna Sone- 15)  Sand Ghat of District- Patna, State-Bihar",MADHURENDRA SINGH,EC Granted,EC,
2,1142,SIA/BR/MIN/444451/2023,SIA/1(a)/2399/2023,"Sand Mining Project, Pahleja Ghat/Unit-12 Sand Ghat of District- Saran, State-Bihar",VIKASH SINGH,EC Granted,EC,
3,1143,SIA/BR/IND2/16935/2016,SIA/6(b)/434/17,-1,BPCL MUZAFFARPUR POL DEPOT,Delisted,EC,
4,1144,SIA/BR/MIN/59803/2016,,GAGACHOWK GHAT ON BADHUA RIVER,NM FOOD PRODUCT PVT LTD,TransferToDEIAA,EC,
5,1145,SIA/BR/INFRA2/442290/2023,SIA/8(b)/2432/2023,"PROPOSED EXPANSION OF ALL INDIA INSTITUTE OF MEDICAL SCIENCES (AIIMS) CAMPUS AND AIIMS RESIDENTIAL CAMPUS AT DISTRICT - PATNA, BIHAR",YOGESH KUMAR,EC Granted,EC,
6,1146,SIA/BR/MIN/60616/2016,SIA/1(a)/381/16,sand mining project of Sabalpur ghat at Gandak river,BROADSON COMODITIES PVT LTD,EC Granted,EC,
7,1147,SIA/BR/MIN/63523/2017,,"Soil Mining Project at Village- Rahimpur, P.S- Khagaria, Dist.-Khagaria, Bihar",PUNJLLOYD LIMITED,Delisted,EC,
8,1148,SIA/BR/MIN/30095/2015,3433,KISAN BRICKS,BUDHIMATI  INTERNATIONAL MINE TECH AND ENVIRONMENTAL CONSULTANCY PVT LTD,Delisted,EC,
9,1149,SIA/BR/MIN/444012/2023,SIA/1(a)/2366/2023,"Sand Mining Project of Area 18.88 Hectare at Rohtas Sone, Know, Thora Sand Ghat (Block-1) on Sone, Kow, Thora River of District-Rohtas State-Bihar.",BANSHIDHAR CONSTRUCTION PRIVATE LIMITED,EC Granted,EC,
10,1150,SIA/BR/MIN/443129/2023,SIA/1(a)/2266/2023,"Sand Mining Project, Jamui Barnar-06 Sand Ghat  of District- Jamui, State-Bihar.",D.K BROTHERS TRADE CON.,EC Granted,EC,
1,1151,SIA/BR/MIN/71235/2017,,Sand Mining Project at Kalikasthan Sand Ghat,WESTLINK TRADING PRIVATE LIMITED,Delisted,EC,
2,1152,SIA/BR/MIN/438486/2023,SIA/1(a)/2255/2023,Sand Ghat Mining Project (Bhoj Son 23 Sand Ghat) at Riverbed Of Son River Area 46 Ha.,DEVENDRA EQUIPMENT,EC Granted,EC,
3,1153,SIA/BR/MIN/443607/2023,SIA/1(a)/2327/2023,Proposed Sand Mining Project of Area 51 Ha at Bhojpur Ghat 24 on Sone River of District-Bhojpur State-Bihar,RAJEEV TIWARY,EC Granted,EC,
4,1154,SIA/BR/NCP/79747/2018,SIA/8(a)/601/18,"EC for Proposed EC for Govt. Dental College and Hospital, Village Paithna, Rahui taluka, Nalanda in Bihar","BIHAR MEDICAL SERVICES & INFRASTRUCTURE CORPORATION LTD.,",EC Granted,EC,
5,1155,SIA/BR/MIS/58112/2016,SIA/8(a)/334/2016,GenX Infra Homes Pvt. Ltd.,GENX INFRA HOMES PVT LTD,EC Granted,EC,
6,1156,SIA/BR/MIN/71316/2017,,"Sand Mining Project at Mhua Bigha Sand ghat on Buddh River, Anchal-Tekari, Dist-Gaya, Bihar",WESTLINK TRADING PRIVATE LIMITED,Delisted,EC,
7,1157,SIA/BR/MIN/71319/2017,,"Sand Mining Project at Pateya Sand  Ghat on Dhadhar River Anchal- Fathpur, Dist- Gaya, Bihar",WESTLINK TRADING PRIVATE LIMITED,Delisted,EC,
8,1158,SIA/BR/MIN/69935/2017,,Proposed Sand Mining Project at Amarut Sand Ghat on Lilajan River.,WESTLINK TRADING PRIVATE LIMITED,Delisted,EC,
9,1159,SIA/BR/MIS/86089/2018,SIA/8(a)/599/18,Dr A P J Abdul Kalam Science City,FLYING ELEPHANT STUDIO,EC Granted,EC,
10,1160,SIA/BR/MIN/437774/2023,SIA/1(a)/2070/2022,"Sand Mining Project at Block No.- 01 Sand Ghat in Mauza– Gurdiha, Hasanpur & Ghoshikundi, District- Lakhisarai(Bihar) over an area of 13.70 Hect.",KUNDAN KUMAR,EC Granted,EC,
1,1161,SIA/BR/MIN/445369/2023,SIA/1(a)/2414/2023,"Sand Mining Project, Falgu River (Block No.- 05) Sand Ghat  of District- Gaya, State-Bihar.",M/S RAJENDRA SINGH,For further consideration(SEAC),EC,
2,1162,SIA/BR/MIN/25920/2017,SIA/1(a)/344/16,Nalanda Sand Blocks (Stretch I Block II),MAHADEV ENCLAVE PVT LTD,EC Granted,EC,
3,1163,SIA/BR/MIN/450336/2023,SIA/1(a)/2442/2023,Sand Mining Project of Area 7.0 Ha at Sand Block-2 Ghat on Sakri River of  District-Nalanda of State-Bihar,DHARAMVIR YADAV,EC Granted,EC,
4,1164,SIA/BR/MIN/71323/2017,,"Sand Mining Project at Vinod Sand Ghat, on Dhadhar River, Anchal-Fatehpur, Dist-Gaya, Bihar",WESTLINK TRADING PRIVATE LIMITED,Delisted,EC,
5,1165,SIA/BR/INFRA2/437780/2023,SIA/8(a)/2454/2023,"Proposed Commercial Building “ Azalfa Trade Centre” at Mainpur Shankar, Saguna more , .",AZALFA BUILDING CONSTRUCTION PRIVATE LIMITED,Rejection Letter Granted,EC,
6,1166,SIA/BR/MIN/30328/2015,3441,Brick Clay Mining Project- Balmiki Int Udyog,BALMIKI INT UDYOG,Delisted,EC,
7,1167,SIA/BR/NCP/62326/2017,SIA/8(a)/445/17,"“ SS METRO MALL CUM MULTIPLEX & RESIDENTIAL COMPLEX ”
Developer : M/s S.D – S.D & P. Pvt. Ltd. (J.V.)",S D S D AND P PVT LTD,EC Granted,EC,
8,1168,SIA/BR/MIN/60711/2016,SIA/1(a)/389/16,"Proposed Sand Mining Project of Area 23.16 Ha at Katari Ghat on Son River of District-
Patna, State-Bihar",BROADSON COMODITIES PVT LTD,EC Granted,EC,
9,1169,SIA/BR/IND2/25875/2018,SIA/5(j)/523/18,-1,HARINAGAR SUGAR MILLS LTD,EC Granted,EC,
10,1170,SIA/BR/MIN/31242/2015,3502,BRICK CLAY MINING PROJECT-PRINCE BRICKS-B2,SHIVAM BRICKS,Delisted,EC,
1,1171,SIA/BR/MIN/66078/2017,SIA/1(a)/570/18,Sand Mining Project at Chargarha & Amba Sand Ghat on Ulai River,WESTLINK TRADING PRIVATE LIMITED,Delisted,EC,
2,1172,SIA/BR/MIN/69942/2017,,"Proposed Sand Mining Project at Kashiyadih Sand Ghat, Morhar River",WESTLINK TRADING PRIVATE LIMITED,Delisted,EC,
3,1173,SIA/BR/MIS/29856/2015,SIA/8(a)/61/2015,"Proposed Medical College at Golma, Saharsa, Bihar by Radha Ballabh Medical Foundation Trust.",RADHA BALLABH MEDICAL FOUNDATION TRUST,Delisted,EC,
4,1174,SIA/BR/INFRA2/429806/2023,,"Proposed Residential Cum Commercial Building “Green Meadows” at Mustafapur, Patna, Bihar",YASH RAJ BUILDERS AND PROMOTERS PRIVATE LIMITED,Under examination of SEIAA,EC,
5,1175,SIA/BR/MIN/444794/2023,SIA/1(a)/2365/2023,"Proposed Sand Mining Project of Area 8.46 Ha at Arwal Punpun Kinjar and Mirzapur Cluster 01 on Punpun River of District - Arwal, State-Bihar.",SHASHIBHUSHAN SHARMA,EC Granted,EC,
6,1176,SIA/BR/MIN/17977/2015,SIA/1(a)/409/17,"Rajauli (Block 2) Building  Stone Mining Project,Village: Rajauli, Tehsil-Nawada &  District-Nawada, State-Bihar",MS MAHADEV ENCLAVE PVT LTD,EC Granted,EC,
7,1177,SIA/BR/IND/64983/2017,SIA/3(b)/460/17,Expansion of Existing Cement Grinding Unit From 2.0 MTPA to 4.0 MTPA,M/s. UltraTech Cement Ltd.,EC Granted,EC,
8,1178,SIA/BR/NCP/78299/2018,SIA/8(a)/567/18,Upgradation of A.N. Magadh Medical College & Hospital M/s Central Public Works Department (CPWD),CENTRAL PUBLIC WORKS DEPARTMENT,EC Granted,EC,
9,1179,SIA/BR/MIN/64343/2017,SIA/1(a)/474/17,Sand Mining Project at Baijudham Sand Ghat on Morhar River,WESTLINK TRADING PRIVATE LIMITED,EC Granted,EC,
10,1180,SIA/BR/MIS/66587/2021,21-88/2021-IA-III,Commercial cum Residential Building Project,A.V.S BUILDERS & DEVELOPERS PVT. LTD.,WithdrawEC,EC,
1,1181,SIA/BR/MIN/130233/2019,,"Proposed Brick Earth Mining Project of Area 3.47 Acres or 1.40 Hectare for M/s Shiva Bricks at Vill- Maranchi, Mauza: Maranchi Bariyar, P.O: Maranchi, P.S: Maranchi, Block-Mokama, District-Patna, Stat",M/S SHIVABRICKS,Delisted,EC,
2,1182,SIA/BR/MIN/31509/2019,SIA/1(a)/629/19,"Sand mining project at TV Senetorium ghat on Son river in district Bhojpur, Bihar",BROADSON COMODITIES PVT LTD,EC Granted,EC,
3,1183,SIA/BR/MIN/130640/2019,,M/s- BSCPL INFRASTRUCTURE LIMITED,M/S BSCPL INFRASTRUCTURE LTD,Delisted,EC,
4,1184,SIA/BR/MIN/130689/2019,,"Proposed Brick Earth Mining Project of Area 3.00 Acres or 1.21 Hectare for M/s Ganesh Bricks Manufacturing at Mauza-Sirshi, P.O-Samyagarh, P.S- Goshwari, Block- Pandarkh, District- Patna, State- Bihar",M/S GANESH BRICKS MANUFACTURING,Delisted,EC,
5,1185,SIA/BR/MIS/230256/2021,SIA/8(a)/1592/2021,Proposed Commercial Cum Hotel Building by Kumar Infratrade Enterprises Pvt. Ltd.,KUMAR INFRATRADE ENTERPRISES PVT. LTD.,EC Granted,EC,
6,1186,SIA/BR/MIS/280088/2022,SIA/8(a)/2039/2022,Proposed Residential Building “ The Emperor” by Hira Panna Infra Projects LLP,HIRA PANNA INFRAPROJECTS LLP,EC Granted,EC,
7,1187,SIA/BR/MIN/31298/2015,SIA/1(a)/10/2015,BRICK CLAY MINING PROJECT-5 STAR INT UDYOG-B2,FIVE STAR ENT UDYOG,Delisted,EC,
8,1188,SIA/BR/MIN/444239/2023,SIA/1(a)/2307/2023,"Sand Mining Project, Block-25 (Gaya Morhar – 12) Sand Ghat of District- Gaya, State-Bihar.",M/S RAJENDRA SINGH,EC Granted,EC,
9,1189,SIA/BR/MIN/66263/2017,SIA/1(A)/560/18,Sand Mining Project at Navinagar-2 Sand Ghat on River kiul,WESTLINK TRADING PRIVATE LIMITED,Delisted,EC,
10,1190,SIA/BR/MIN/453542/2023,,"Sand Mining Project, Block- 06 (Milky/Chilaungiya) Sand Ghat of District- Nawada, State-Bihar",RAJU RAJ,Pending at PP due to eds,EC,
1,1191,SIA/BR/IND/53693/2020,SIA/3(a)/1233/2020,"Dina Iron and Steel Limited (Expansion Project) Mauza- Abdul Rahamapur, Tehsil- Patna City, District- Patna City, State- Bihar",DINA IRON AND STEEL LIMITED,EC Granted,EC,
2,1192,SIA/BR/MIN/35409/2019,,"Proposed Brick Earth Mining Project of Area  3.0 Acres or  1.21 Hectare for M/s  K.B.C  Bricks  (Radha)  at Mauza-  Daulatpur, P.S-  Fatuha,  Block-  Fatuha,  District-  Patna,  State- Bihar.",KBC BRICKS,Pending at PP due to eds,EC,
3,1193,SIA/BR/MIN/35429/2019,,"Proposed Brick Earth Mining Project of Area  3.0 Acres or  1.21 Hectare for M/s  Radha Bricks at Mauza- Madhopur Fathehpur, P.S- Didarganj, Block- Patna Sadar, District-  Patna, State- Bihar",MS RADHA BRICKS,Pending at PP due to eds,EC,
4,1194,SIA/BR/MIN/35570/2019,,"Proposed Brick Earth Mining Project of Area 2.73 Acres or 1.10 Hectare for M/s  Gauri  Int Udyog  at Mauza- Makhdumpur, P.S- Bihta, Block- Bihta, District-  Patna,  State-  Bihar.",MS GAURI INT UDYOG,Pending at PP due to eds,EC,
5,1195,SIA/BR/MIN/35707/2019,,"BRICK EARTH PROJECT AT MAUZA – KUMREL & MADHUKARPUR, P.O- BARHARA, P.S - BELHAR, ANCHAL- BELHAR, DISTRICT-BANKA(BIHAR)",GGH BRICKS,Pending at PP due to eds,EC,
6,1196,SIA/BR/MIN/140900/2020,,"Proposed Brick Earth Mining Project of Area 1.79 Hectare Or 4.43 Acre M/S Alok  Int Udyog  at  Mauza-  Piparpanti,  P.S-  Mainatand,  Block-    Mainatand, District-West  Champaran, State - Bihar",M/S ALOK INT UDYOG,Delisted,EC,
7,1197,SIA/BR/MIN/141069/2020,,"Mathurapur (Khasra/Plot(s) No. 1538, 1181 & 32) soil brick mining project.",M/S ATITHI BRICKS (A.S.P. MARKA),Delisted,EC,
8,1198,SIA/BR/MIN/134368/2019,,"Brick Earth Mining Project at Mauza- Marhauli, P.O- Kharhatand, P.S– Simri, District- Buxar (Bihar)",M/S- JANTA BRICKS,Delisted,EC,
9,1199,SIA/BR/MIN/34551/2019,,Proposed Sand Mining Project of area 4.80 ha at Ramdiri Ghat on Ganga River of District- Begusarai of State- Bihar,RADHA SWAMI AUTOMOBILES,Pending at PP due to eds,EC,
10,1200,SIA/BR/MIN/178108/2020,,M/s Vikash Int Udyog,MS VIKASH INT UDYOG,Delisted,EC,
1,1201,SIA/BR/MIN/64505/2017,SIA/1(a)/477/17,Sand mining Project at Fatehpur Ghat on Falgu River,WESTLINK TRADING PRIVATE LIMITED,EC Granted,EC,
2,1202,SIA/BR/INFRA2/409622/2022,SIA/8(a)/2074/2022,"Construction of Permanent Structures in Campus of S.D.R.F. Bihta, Patna on EPC (Engineering Procurement and Construction) basis",Public Works Department,EC Granted,EC,
3,1203,SIA/BR/NCP/64052/2017,,"Commercial Project “Delight Mall FO” at Plot No.-49, 54, 55, 56 & 57, Khata No.-84, 90 & 94, Tauzi No.-5519, Thana No.-22 Mauza- Jalalpur, Thana-Danapur Patna Bihar",MERIDIAN CONSTRUCTION INDIA LIMITED,Delisted,EC,
4,1204,SIA/BR/MIN/444067/2023,SIA/1(a)/2346/2023,Sand Mining Project of Area 45.0 Ha at Bhojpur Ghat 36 on Sone River of District-Bhojpur State-Bihar.,SUSHIL KUMAR,EC Granted,EC,
5,1205,SIA/BR/MIN/430260/2023,SIA/1(a)/2072/2022,Sand Mining Project at Kiul River Cluster II (Block No.- 11 & 12) Lakhisarai Sand Ghat over an area of 32.0 Hect.,GOPAL KUMAR,EC Granted,EC,
6,1206,SIA/BR/MIN/60871/2016,SIA/1(a)/401/16,Sand Mining Project at Dariapur Ghat on river Ganga,BROADSON COMODITIES PVT LTD,EC Granted,EC,
7,1207,SIA/BR/MIN/446997/2023,SIA/1(a)/2443/2023,Sand Mining Project of Unit-3  sand ghats of total Area 9.28 Ha at Bagmati  River of District-Sheohar of State-Bihar,BABA BHUBANESWAR NATH CONSTRUCTION PRIVATE LIMITED,EC Granted,EC,
8,1208,SIA/BR/INFRA2/416357/2023,,Proposed Residential Building,RAJIV RANJAN,Delisted,EC,
9,1209,SIA/BR/INFRA2/416940/2023,SIA/8(a)/2309/2023,"Proposed Rajikiya Ayodhya Shiv Kumari Ayurvedic Hospital & College  at Begusarai, Bihar.                                                                                                                            Total Plot Area:  29059.21 Sqm. Total Built-up Area: 69147.13 Sqm.",BIHAR MEDICAL SERVICES AND INFRASTRUCTURE CORPORATION LIMITED,EC Granted,EC,
10,1210,SIA/BR/IND1/406346/2022,SIA/3(a)/1713/2021,Alaknanda Metals Private Limited,ALAKNANDA METALS PRIVATE LIMITED,EC Granted,EC,
1,1211,SIA/BR/MIN/59790/2016,SIA/1(a)/358/16,"KALAN RAMPUR OF GANGA RIVER TEHSILMUNGER, DISTRICT MUNGER, BIHAR
ML AREA 7.5 HA",NM FOOD PRODUCT PVT LTD,EC Granted,EC,
2,1212,SIA/BR/IND/18661/2017,,SHIVSHIVA STEEL PVT LTD,SHIVSHIVA STEEL PVT LTD,EC Granted,EC,
3,1213,SIA/BR/NCP/64080/2017,SIA/8(a)/459/17,"Proposed Commercial Project “Delight Mall FO” at Plot No. 49,54,55,56 & 57, Mauza: Jalalpur, Thana-Danapur, District:-Patna,Bihar",MERIDIAN CONSTRUCTION INDIA LIMITED,Delisted,EC,
4,1214,SIA/BR/MIN/64473/2017,SIA/1(a)/496/17,Sand mining Project at Moratal ghat on Mohana river,WESTLINK TRADING PRIVATE LIMITED,EC Granted,EC,
5,1215,SIA/BR/MIN/65413/2017,SIA/1(a)/516/17,Sand Mining Project at Raniganj Sand Ghat on Morhar River.,WESTLINK TRADING PRIVATE LIMITED,EC Granted,EC,
6,1216,SIA/BR/MIN/18871/2015,SIA/1(a)/505/17,"Rajauli (Block 4) Ordinary  Stone Mining Project Village: Rajauli, Tehsil-Nawada &  District-Nawada, State-Bihar",MESSERS KATYAYNI CONTRACTORS PVT LTD,EC Granted,EC,
7,1217,SIA/BR/MIN/31548/2015,SIA/1(a)/25/2015,Brick Clay Mining Project of M/s Shiva Marka Bricks,OTHERS,Delisted,EC,
8,1218,SIA/BR/MIN/441399/2023,SIA/1(a)/2287/2023,"Sand Mining Project, Falgu River (Block No.- 07) Sand Ghat  of District- Gaya, State-Bihar.",RAMIYA CONSTRUCTION PRIVATE LIMITED,EC Granted,EC,
9,1219,SIA/BR/MIN/59816/2016,SIA/1(a)/361/16,"SHARKARPUR OF GANGA RIVER TEHSIL MUNGER, DISTRICT MUNGER, BIHAR
ML AREA 13.6 HA",NM FOOD PRODUCT PVT LTD,EC Granted,EC,
10,1220,SIA/BR/MIN/65390/2017,SIA/1(a)/513/17,Sand Mining Project at Raushanganj Sand Ghat on Morhar River.,WESTLINK TRADING PRIVATE LIMITED,EC Granted,EC,
1,1221,SIA/BR/MIN/25920/2017,SIA/1(a)/344/16,Nalanda Sand Blocks (Stretch I Block II),MAHADEV ENCLAVE PVT LTD,EC Granted,EC,
2,1222,SIA/BR/MIN/450336/2023,SIA/1(a)/2442/2023,Sand Mining Project of Area 7.0 Ha at Sand Block-2 Ghat on Sakri River of  District-Nalanda of State-Bihar,DHARAMVIR YADAV,EC Granted,EC,
3,1223,SIA/BR/MIN/71323/2017,,"Sand Mining Project at Vinod Sand Ghat, on Dhadhar River, Anchal-Fatehpur, Dist-Gaya, Bihar",WESTLINK TRADING PRIVATE LIMITED,Delisted,EC,
4,1224,SIA/BR/INFRA2/437780/2023,SIA/8(a)/2454/2023,"Proposed Commercial Building “ Azalfa Trade Centre” at Mainpur Shankar, Saguna more , .",AZALFA BUILDING CONSTRUCTION PRIVATE LIMITED,Rejection Letter Granted,EC,
5,1225,SIA/BR/MIN/30328/2015,3441,Brick Clay Mining Project- Balmiki Int Udyog,BALMIKI INT UDYOG,Delisted,EC,
6,1226,SIA/BR/NCP/62326/2017,SIA/8(a)/445/17,"“ SS METRO MALL CUM MULTIPLEX & RESIDENTIAL COMPLEX ”
Developer : M/s S.D – S.D & P. Pvt. Ltd. (J.V.)",S D S D AND P PVT LTD,EC Granted,EC,
7,1227,SIA/BR/MIN/60711/2016,SIA/1(a)/389/16,"Proposed Sand Mining Project of Area 23.16 Ha at Katari Ghat on Son River of District-
Patna, State-Bihar",BROADSON COMODITIES PVT LTD,EC Granted,EC,
8,1228,SIA/BR/MIS/290795/2022,SIA/8(a)/2046(EXP)/2022,Proposed Expansion of Residential Building “H2O City”,M/S ANSHUL HOMES PVT. LTD.,EC Granted,EC,
9,1229,SIA/BR/MIN/31368/2015,SIA/1(a)/14/2015,S.P. Int Udyog,BEDAMI DEVI,Delisted,EC,
10,1230,SIA/BR/NCP/69872/2017,,"“THE HERITAGE”
(MALL & MULTIPLEX),
PROPOSED COMMERCIAL BUILDING PLOT NO -671,672,673,674.TAUZI NO. – 5276, THANA NO. : -
36, SURVEY THANA – DANAPUR, KHAGAUL, VILLAGE
MUSTAFAPUR, PATNA, BIHAR",M/S PLATINIUM HERITAGE HOME PVT. LTD.,Delisted,EC,
1,1231,SIA/BR/MIN/438822/2023,SIA/1(a)/2055/2022,"Proposed Sand Mining Project Bhojpur Ghat 19 on Son River of District- Bhojpur, State- Bihar",LAV SINGH,EC Granted,EC,
2,1232,SIA/BR/MIN/60619/2016,SIA/1(a)/372/16,"Proposed Sand Mining Project of Area 15 Ha at Nayagaon Rajapur Ghat on Ganga
River of District- Saran of State- Bihar",BROADSON COMODITIES PVT LTD,Delisted,EC,
3,1233,SIA/BR/MIN/443114/2023,SIA/1(a)/2269/2023,Sand Ghat Mining Project (Block – 01 Fathepur Sand Ghat) at Riverbed of Bunbuni River,M/S RUBY DEVI,EC Granted,EC,
4,1234,SIA/BR/MIN/61248/2016,SIA/1(a)/416/17,Proposed Sand Mining Project at Kamaluchak and Semra Ghat(Area: 20 Ha.) on river Son of district Bhojpur,BROADSON COMODITIES PVT LTD,EC Granted,EC,
5,1235,SIA/BR/MIN/66258/2017,SIA/1(a)/559/18,Sand Mining Project at Kendua Sand Ghat on Barnar River.,WESTLINK TRADING PRIVATE LIMITED,Delisted,EC,
6,1236,SIA/BR/MIN/446618/2023,SIA/1(a)/2406/2023,Sand Mining Project of Area 18.63 Ha at East Champaran Unit-5 ( includes 4  sand blocks)  on Burhi Gandak River of District- East Champaran of State-Bihar,VIKASH KUMAR,EC Granted,EC,
7,1237,SIA/BR/MIN/30938/2015,SIA/1(a)/04/2015,STONE MINING PROJECT-NECL-B2,NAVAYUGA ENGINEERING COMPANY LTD,Delisted,EC,
8,1238,SIA/BR/MIN/48475/2016,,"River Sand (Minor Mineral) Mining Project for Rivers , Mahiyama Ghat,  in Bhagalpur District of Bihar",MS SAINIK FOOD PVT LTD,Delisted,EC,
9,1239,SIA/BR/MIN/66031/2017,SIA/1(a)/544/18,Sand Mining Project at Sharma Sand Ghat (Block no-11) on Kiul River.,WESTLINK TRADING PRIVATE LIMITED,Delisted,EC,
10,1240,SIA/BR/MIN/444668/2023,SIA/1(a)/2371/2023,"Proposed Sand Mining Project of Area 49.75 Ha at Sone River Cluster No.- 15 (Patna Sone Sand Ghat-18) on Sone River of District-Patna, State-Bihar.",SAHABAD CONSTRUCTIONS LLP,EC Granted,EC,
1,1241,SIA/BR/MIN/71319/2017,,"Sand Mining Project at Pateya Sand  Ghat on Dhadhar River Anchal- Fathpur, Dist- Gaya, Bihar",WESTLINK TRADING PRIVATE LIMITED,Delisted,EC,
2,1242,SIA/BR/MIN/69935/2017,,Proposed Sand Mining Project at Amarut Sand Ghat on Lilajan River.,WESTLINK TRADING PRIVATE LIMITED,Delisted,EC,
3,1243,SIA/BR/MIS/86089/2018,SIA/8(a)/599/18,Dr A P J Abdul Kalam Science City,FLYING ELEPHANT STUDIO,EC Granted,EC,
4,1244,SIA/BR/MIN/437774/2023,SIA/1(a)/2070/2022,"Sand Mining Project at Block No.- 01 Sand Ghat in Mauza– Gurdiha, Hasanpur & Ghoshikundi, District- Lakhisarai(Bihar) over an area of 13.70 Hect.",KUNDAN KUMAR,EC Granted,EC,
5,1245,SIA/BR/MIN/48821/2016,,"Karamnasa Ghat (239355 TPA), Area 11.82ha, in District- Buxar (Bihar)",MS KATYAYNI CONTRACTORS PVT LTD,Delisted,EC,
6,1246,SIA/BR/IND/19027/2016,,Balmukund Concast Ltd. (Expansion Project),BALMUKUND CONCAST LIMITED,Delisted,EC,
7,1247,SIA/BR/MIN/441020/2023,SIA/1(a)/2322/2023,Sand Ghat Mining Project (Badua Unit No.- 03 Sand Ghat) at Riverbed of Badua River,METICULOUS ORGANICS PRIVATE LIMITED,EC Granted,EC,
8,1248,SIA/BR/MIN/437846/2023,SIA/1(a)/2080/2022,Proposed Sand Mining Project of Area 95 Ha at Bhojpur Ghat 12 on Sone River of District-Bhojpur State-Bihar.,KOCHAS POWER PRIVATE LIMITED,EC Granted,EC,
9,1249,SIA/BR/MIN/449894/2023,SIA/1(a)/2401/2023,Sand Mining Project of Area 13.63 Ha at Madhubani Cluster-4  (  includes 3  sand blocks)  on Kamla River of District- Madhubani of State-Bihar,AJAY JHA,EC Granted,EC,
10,1250,SIA/BR/MIN/437986/2023,SIA/1(a)/2087/2022,Proposed Sand Mining Project of Area 8.98 Ha at Arwal Son  Ghat 05 on Sone River of District-Arwal State-Bihar,RADHARAMAN CONSTRUCTIONS AND MARKETING PRIVATE LIMITED,EC Granted,EC,
1,1251,SIA/BR/MIN/63518/2017,SIA/1(a)/452/17,"Soil Mining Project at Vill- Matihani Jalalpur, P.S- Matihani, Begusarai, Bihar",PUNJLLOYD LIMITED,Delisted,EC,
2,1252,SIA/BR/MIN/64493/2017,SIA/1(a)/497/17,Sand Mining Project at Siripur Sand Ghat on Falgu River,WESTLINK TRADING PRIVATE LIMITED,EC Granted,EC,
3,1253,SIA/BR/MIN/64411/2017,SIA/1(a)/486/17,Sand Mining Project at Rajan-II Sand Ghat on Morhar River,WESTLINK TRADING PRIVATE LIMITED,EC Granted,EC,
4,1254,SIA/BR/MIN/66028/2017,SIA/1(a)/566/18,Sand Mining Project at Birdaban Sand Ghat (Block no-3) on Kiul River.,WESTLINK TRADING PRIVATE LIMITED,Delisted,EC,
5,1255,SIA/BR/MIN/64400/2017,SIA/1(a)/479/17,Sand Mining Project at Upadhyay Sand Ghat on Lilajan River.,WESTLINK TRADING PRIVATE LIMITED,EC Granted,EC,
6,1256,SIA/BR/MIN/64468/2017,SIA/1(a)/500/17,Sand Mining project at Charhata Aghatpur Ghat on Buddh river,WESTLINK TRADING PRIVATE LIMITED,EC Granted,EC,
7,1257,SIA/BR/MIN/445483/2023,SIA/1(a)/2250/2023,"Block No.- 01 Sand Ghat fall in Mauza– Tola Baliadabar, Block - Chakai, District- Jamui (Bihar)",RAM SHARMA,EC Granted,EC,
8,1258,SIA/BR/MIN/71320/2017,,"Sand Mining Project at Rupsapur Sand Ghat on Buddh River Anchal-Tekari, Dist-Gaya, Bihar",WESTLINK TRADING PRIVATE LIMITED,Delisted,EC,
9,1259,SIA/BR/MIN/18872/2015,SIA/1(a)/461/17,"Rajauli (Block 6) Ordinary Stone Mining Project Village: Rajauli, Tehsil-Nawada &  District-Nawada, State-Bihar",MS BSCPL INFRASTRUCTURE LTD,EC Granted,EC,
10,1260,SIA/BR/MIN/456625/2023,SIA/1(a)/2465/2023,"Sand Mining Project, Block- 08 (Dariyapur) Sand Ghat of District- Nawada, State-Bihar.",MANOJ MAHARATHI,EC Granted,EC,
1,1261,SIA/BR/MIN/60617/2016,SIA/1(a)/366/16,"Proposed Sand Mining Project of Area 23 Ha at Kallu-Gangajal Ghat on Ganga River
of District- Saran of State- Bihar",BROADSON COMODITIES PVT LTD,Delisted,EC,
2,1262,SIA/BR/MIN/65393/2017,SIA/1(a)/512/17,Sand Mining Project at Sundar Belbigha Ghat on Falgu River.,WESTLINK TRADING PRIVATE LIMITED,EC Granted,EC,
3,1263,SIA/BR/MIN/450594/2023,SIA/1(a)/2349/2023,"Sand Mining Project, Madhepura Unit 01 Sand Ghat of District- Madhepura , State-Bihar",ABHISHEK SINGH,EC Granted,EC,
4,1264,SIA/BR/MIN/66277/2017,,Sand Mining Project at Narodih Sand Ghat on Gajhi River.,WESTLINK TRADING PRIVATE LIMITED,Delisted,EC,
5,1265,SIA/BR/MIN/71314/2017,,"Sand Mining Projct at Inguni Sand Ghat on Buddh River, Anchal-Paraiya,Dist- Gaya, Bihar",WESTLINK TRADING PRIVATE LIMITED,Delisted,EC,
6,1266,SIA/BR/MIN/31461/2015,SIA/1(a)/17/2015,India Int Udyog,RAVIN KUMAR RAI,Delisted,EC,
7,1267,SIA/BR/MIN/59791/2016,,"""KAURIAH GHAT ON MAHANI RIVER"" (Khasra No. 29,322)",NM FOOD PRODUCT PVT LTD,TransferToDEIAA,EC,
8,1268,SIA/BR/MIN/64347/2017,SIA/1(a)/487/17,Sand Mining Project at Madarpur & Dhamaniya Sand Ghat on Morhar River.,WESTLINK TRADING PRIVATE LIMITED,EC Granted,EC,
9,1269,SIA/BR/MIN/31363/2015,SIA/1(a)/13/2015,L.B.F Bricks Udyog,YADUNANDAN CHAUHAN,Delisted,EC,
10,1270,SIA/BR/NCP/61804/2017,SIA/8(a)/421/17,"Proposed Residential Building “Winsome Empire” 
at Plot No.- 531 & 613 and 614,  Mauza- Sikandarpur, Thana- Danapur, District- Patna, State- Bihar",WINSOME INFRASTRUCTURE,EC Granted,EC,
1,1271,SIA/BR/INFRA2/430285/2023,SIA/8(a)/2418/2023,"Proposed “Himalaya Medical College & Hospital” at Chiksi, Paliganj, Patna, Bihar run by Himalaya Educational Trust",RAMCHANDRA SAW,EC Granted,EC,
2,1272,SIA/BR/MIN/17393/2016,SIA/1(a)/345/16,Nalanda Sand Blocks (Block I of Stretch I) Mining Project,MAHADEV ENCLAVE PVT LTD,EC Granted,EC,
3,1273,SIA/BR/MIN/70404/2017,SIA/1(a)/529/18,STONE MINING PROJECT AT BLOCK NO-29,RAJ KUMAR SINGH,Delisted,EC,
4,1274,SIA/BR/MIN/59838/2016,,"Balu/ Sand Mining (Minor Mineral); M.L. Area- 4.2 ha, Cat.- B2 at Tatia Ghat of Mahani River in Tehsil: Tetiha Bambor, District- Munger (Bihar).",NM FOOD PRODUCT PVT LTD,TransferToDEIAA,EC,
5,1275,SIA/BR/MIN/440645/2023,SIA/1(a)/2085/2022,Proposed Sand Mining Project  of Area 98.8 Ha at Rohtas Ghat 07 on Son River of District- Rohtas State-Bihar,MOR MUKAT MARKETING PRIVATE LIMITED,EC Granted,EC,
6,1276,SIA/BR/IND1/415859/2023,,Balmukund Concast Limited,BALMUKUND CONCAST LIMITED,Delisted,EC,
7,1277,SIA/BR/MIN/59797/2016,,"""ABZALPUR GHAT ON BADHUA RIVER""",NM FOOD PRODUCT PVT LTD,TransferToDEIAA,EC,
8,1278,SIA/BR/MIN/18371/2015,SIA/1(a)/442/17,"Matokhar & Surdaspur Stone Mine, Block-06, Area - 5.26 ha, Village - Matokhar & Surdaspur, Sheikhpura",SH AMAN SETHI,EC Granted,EC,
9,1279,SIA/BR/MIN/66119/2017,SIA/1(a)/595/18,Lotun & Ratanpur Balu Ghat on Kiul River,WESTLINK TRADING PRIVATE LIMITED,Delisted,EC,
10,1280,SIA/BR/NCP/65471/2017,SIA/8(a)/506/17,"“ORBITO” COMMERCIAL AND RESIDENTIAL
PROJECT",MUNDESHWARY MULTICON,EC Granted,EC,
1,1281,SIA/BR/MIN/59829/2016,SIA/1(a)/350/16,"THAIBAI (1.8 HA.), KHAUHA (1.3HA.), MANIYA (11.7 HA.)
AND RANADHI (8.3 HA.) GHATS OF BADHUA RIVER
TEHSIL TARAPUR AND SANGRAMPUR
DISTRICT MUNGER, BIHAR
M.L. AREA 23.10 HA.,",NM FOOD PRODUCT PVT LTD,EC Granted,EC,
2,1282,SIA/BR/MIN/66184/2017,,Sand Mining Project at Simariya Sand Ghat on Barnar River,WESTLINK TRADING PRIVATE LIMITED,Delisted,EC,
3,1283,SIA/BR/MIN/66264/2017,SIA/1(a)/579/18,Sand mining Project at parsa sand ghat on river Kiul,WESTLINK TRADING PRIVATE LIMITED,Delisted,EC,
4,1284,SIA/BR/MIN/444059/2023,SIA/1(a)/2320/2023,"Sand Mining Project, Falgu River (Block No.- 10) Sand Ghat  of District- Gaya, State-Bihar.",M/S LETZ BUILD ENGKON,Rejection Letter Granted,EC,
5,1285,SIA/BR/MIN/66120/2017,SIA/1(a)/581/18,Sand Mining Project at Kendih Sand Ghat on Kiul River.,WESTLINK TRADING PRIVATE LIMITED,Delisted,EC,
6,1286,SIA/BR/IND1/447146/2023,,Sri SAI INDUSTRIES,LAXMI PRASAD,Pending at PP due to eds,EC,
7,1287,SIA/BR/INFRA2/411282/2022,SIA/8(a)/2295/2023,"Construction of New Campus of Rajkiya Tibbi College & Hospital Kadamkauna at NMCH Campus, Agamkauna Patna.",BIHAR MEDICAL SERVICES AND INFRASTRUCTURE CORPORATION LIMITED,Delisted,EC,
8,1288,SIA/BR/MIN/444062/2023,SIA/1(a)/2373/2023,"Sand Mining Project, Patna Sone 04 Sand Ghat of District- Patna , State-Bihar.",EKLAVAYA STONE AND MINES PRIVATE LIMITED,EC Granted,EC,
9,1289,SIA/BR/MIN/60670/2016,SIA/1(a)/392/16,Sand Mining Project at Shahpur & Chhitnawa Ghat on river Ganga,BROADSON COMODITIES PVT LTD,EC Granted,EC,
10,1290,SIA/BR/MIN/65412/2017,SIA/1(a)/507/17,Sand Mining Project at Maigara Sand Ghat on Sorhar River.,WESTLINK TRADING PRIVATE LIMITED,EC Granted,EC,
1,1291,SIA/BR/MIN/438319/2023,SIA/1(a)/2062/2022,Proposed Sand Mining Project of Area 37 Ha at Bhojpur Ghat 06 on Sone River of District-Bhojpur State-Bihar.,KOCHAS POWER PRIVATE LIMITED,EC Granted,EC,
2,1292,SIA/BR/MIS/60656/2016,SIA/8(a)/408/16,Lotus Adobe (Residential Building Project of Nutan Construction),NUTAN CONSTRUCTION,EC Granted,EC,
3,1293,SIA/BR/MIN/65388/2017,SIA/1(a)/517/17,Sand Mining Project at Palhat Kutia Ghat on Buddh River.,WESTLINK TRADING PRIVATE LIMITED,EC Granted,EC,
4,1294,SIA/BR/MIN/31828/2015,,,BHAIRAV RAI,Delisted,EC,
5,1295,SIA/BR/MIN/443928/2023,SIA/1(a)/2325/2023,Sand Ghat Mining Project (Ulai River Block No.- 02) at Riverbed of Ulai River,KUNDAN KUMAR,EC Granted,EC,
6,1296,SIA/BR/MIN/445798/2023,SIA/1(a)/2382/2023,"Sand Mining Project, Block 24 (Gaya Morhar-11) Sand Ghat of District- Gaya, State-Bihar.",RAJENDRA AND SONS INFRA PRIVATE LIMITED,EC Granted,EC,
7,1297,SIA/BR/MIN/59829/2016,SIA/1(a)/350/16,"THAIBAI (1.8 HA.), KHAUHA (1.3HA.), MANIYA (11.7 HA.)
AND RANADHI (8.3 HA.) GHATS OF BADHUA RIVER
TEHSIL TARAPUR AND SANGRAMPUR
DISTRICT MUNGER, BIHAR
M.L. AREA 23.10 HA.,",NM FOOD PRODUCT PVT LTD,EC Granted,EC,
8,1298,SIA/BR/MIN/66184/2017,,Sand Mining Project at Simariya Sand Ghat on Barnar River,WESTLINK TRADING PRIVATE LIMITED,Delisted,EC,
9,1299,SIA/BR/INFRA2/409087/2022,,Winsome Icon (Commercial cum Residential Building Porject),WINSOME REALTORS,Pending at PP due to eds,EC,
10,1300,SIA/BR/MIN/444104/2023,SIA/1(a)/2375/2023,"Sand Mining Project, Falgu River (Block No.- 04) Sand Ghat  of District- Gaya, State-Bihar.",SIYARAM CONSTRUCTION,EC Granted,EC,
1,1301,SIA/BR/MIN/18872/2015,SIA/1(a)/461/17,"Rajauli (Block 6) Ordinary Stone Mining Project Village: Rajauli, Tehsil-Nawada &  District-Nawada, State-Bihar",MS BSCPL INFRASTRUCTURE LTD,EC Granted,EC,
2,1302,SIA/BR/NCP/88288/2018,SIA/8(a)/617/19,"Proposed construction of Bihar State Institute of Mental Health & Allied Science, Koilwar, Bhojpur District, Bihar","BIHAR MEDICAL SERVICES & INFRASTRUCTURE CORPORATION LTD.,",EC Granted,EC,
3,1303,SIA/BR/IND2/28619/2016,SIA/6(b)/435/17,"Addition of Ethanol/Biodiesel tankage at POL Depot of BPCL, Barauni",BPCL BARAUNI TOP,Delisted,EC,
4,1304,SIA/BR/IND/18629/2015,,Shree Balajee Cement Industries Pvt Ltd,SHREE BALAJEE CEMENT INDUSTRIES PVT LTD,Delisted,EC,
5,1305,SIA/BR/MIN/447483/2023,SIA/1(a)/2408/2023,Sand Mining Project of Area 9.76 Ha at Sand Block-06 Ghat on Ulai River of  District-Jamui of State-Bihar,MUNNA KUMAR,EC Granted,EC,
6,1306,SIA/BR/MIN/66115/2017,SIA/1(a)/582/18,Sand Mining Project at Nariyana Chacho Sand Ghat on river Kiul,WESTLINK TRADING PRIVATE LIMITED,Delisted,EC,
7,1307,SIA/BR/MIN/65394/2017,SIA/1(a)/515/17,Sand Mining Project at Chhanchh Sand Ghat on Mohana River,WESTLINK TRADING PRIVATE LIMITED,EC Granted,EC,
8,1308,SIA/BR/NCP/78262/2018,SIA/8(a)/600/18,"Proposed Construction of Govt Medical College and Hospital Block at Govt Sadar Hospital Complex, Line Bazar, Purnia town, Purnia East Tehsil, Purnia District, Bihar by M/s Bihar Medical Services Infrastructure Corporation Limited","BIHAR MEDICAL SERVICES & INFRASTRUCTURE CORPORATION LTD.,",EC Granted,EC,
9,1309,SIA/BR/INFRA2/451160/2023,SIA/8(a)/2489/2023,"Proposed Residential Building “Durga 77° Resorts” at Digha Polson Road  Mauza-Digha , Patna, Bihar .",DURGA URBAN AND LEASING LLP,EC Granted,EC,
10,1310,SIA/BR/MIN/60867/2016,SIA/1(a)/399/16,Sand Mining Project at Patila Ghat on River Son,BROADSON COMODITIES PVT LTD,EC Granted,EC,
1,1311,SIA/BR/MIN/440485/2023,SIA/1(a)/2394/2023,"Sand Mining Project, Block- 11 (Marpo)  Sand Ghat of District- Nawada, State-Bihar.",SURENDRA KUMAR,EC Granted,EC,
2,1312,SIA/BR/MIN/18872/2015,SIA/1(a)/461/17,"Rajauli (Block 6) Ordinary Stone Mining Project Village: Rajauli, Tehsil-Nawada &  District-Nawada, State-Bihar",MS BSCPL INFRASTRUCTURE LTD,EC Granted,EC,
3,1313,SIA/BR/MIN/456625/2023,SIA/1(a)/2465/2023,"Sand Mining Project, Block- 08 (Dariyapur) Sand Ghat of District- Nawada, State-Bihar.",MANOJ MAHARATHI,EC Granted,EC,
4,1314,SIA/BR/MIN/64369/2017,SIA/1(a)/473/17,Sand Mining Project at Sikandarpur Sand Ghat on Dhadhar River.,WESTLINK TRADING PRIVATE LIMITED,EC Granted,EC,
5,1315,SIA/BR/MIN/66112/2017,SIA/1(a)/571/18,Sand MIning Project at Devachak Sand Ghat on River Kiul,WESTLINK TRADING PRIVATE LIMITED,Delisted,EC,
6,1316,SIA/BR/NCP/87130/2018,SIA/8(a)/606/19,Proposed Officers Quarters in Officers Enclave on Plot No. C of Gardanibagh Housing Development at Patna,BUILDING CONSTRUCTION DEPARTMENT,Delisted,EC,
7,1317,SIA/BR/MIN/66289/2017,SIA/1(a)/551/18,Sand Mining Project at Nongarh Sand Ghat (Block no-15) on River Kiul,WESTLINK TRADING PRIVATE LIMITED,Delisted,EC,
8,1318,SIA/BR/MIN/440273/2023,SIA/1(a)/2081/2022,Proposed Sand Mining Project of Area 98 Ha at Bhojpur Ghat 20 on Sone River of District-Bhojpur State-Bihar.,MATESHWARI CONSTRUCTION,EC Granted,EC,
9,1319,SIA/BR/MIN/446490/2023,SIA/1(a)/2430/2023,"Proposed Sand Mining Project of Area 7.4 Ha at Nalanda Lokain – 04, Lokain Sand Ghat No -07 on Lokain River of District- Nalanda, State-Bihar.",BIMAL KUMAR,EC Granted,EC,
10,1320,SIA/BR/MIN/451054/2023,SIA/1(a)/2396/2023,"Sand Mining Project, Block 39 (Gaya Budh 01/02/03) Sand Ghat of District- Gaya, State-Bihar.",MOHAMMAD KHAN,EC Granted,EC,
1,1321,SIA/BR/MIN/66113/2017,SIA/1(a)/593/18,Sand Mining Project at Jaljoga Sand Mining Ghat,WESTLINK TRADING PRIVATE LIMITED,Delisted,EC,
2,1322,SIA/BR/MIN/66266/2017,SIA/1(a)/562/18,Sand mining Project at Pratappur sand ghat on river Kiul,WESTLINK TRADING PRIVATE LIMITED,Delisted,EC,
3,1323,SIA/BR/MIN/59800/2016,,“SANGRAMPUR OF BELHARNI RIVER”,NM FOOD PRODUCT PVT LTD,TransferToDEIAA,EC,
4,1324,SIA/BR/INFRA2/422624/2023,SIA/8(a)/2336/2023,“Residential Building Project” (Kumar Buildcon (P) Ltd.),KUMAR BUILDCON PVT LTD,EC Granted,EC,
5,1325,SIA/BR/NCP/30736/2017,SIA/8(b)/604/19,Sai City and Assortia Commercial Complex,SRI ANU ANAND CONSTRUCTION PVT. LTD,EC Granted,EC,
6,1326,SIA/BR/MIN/71313/2017,,"Sand Mining Project at Balabigha Sand Ghat on Buddh river, Anchal Tekari, Dist-Gaya,Bihar",WESTLINK TRADING PRIVATE LIMITED,Delisted,EC,
7,1327,SIA/BR/MIN/31801/2015,SIA/1(a)/51/2015,,MAKAN SURAJ BRRICKS INDUSTRIES,Delisted,EC,
8,1328,SIA/BR/MIN/69937/2017,,Proposed Sand Mining Project at Bhatbigha Sand Ghat on Mohana River,WESTLINK TRADING PRIVATE LIMITED,Delisted,EC,
9,1329,SIA/BR/MIN/437903/2023,SIA/1(a)/2067/2022,Proposed Sand Mining Project of Area 55 Ha at Bhojpur Ghat 05 on Son River of District-Bhojpur State-Bihar.,SUNITA SINGH,EC Granted,EC,
10,1330,SIA/BR/MIN/59807/2016,,"Balu/ Sand Mining (Minor Mineral) Category- B2 (M.L. Area- 4.5 ha) with Production Capacity of 37500 TPA at Parham Ghat of Ganga River in Tehsil: Jamalpur, District: Munger (Bihar).",NM FOOD PRODUCT PVT LTD,TransferToDEIAA,EC,
1,1331,SIA/BR/MIS/63453/2017,SIA/8(a)/456/17,SANCHAR NAGAR PHASE I A group housing project,R R BUILDERS AND DEVELOPERS,EC Granted,EC,
2,1332,SIA/BR/MIN/440996/2023,SIA/1(a)/2306/2023,Sand Ghat Mining Project (Chanan Block No. - 07) at Chanan River bed,MAHADEV ENCLAVE PRIVATE LIMITED,EC Granted,EC,
3,1333,SIA/BR/MIN/453345/2023,,"Sand Mining Project, Jamui Barnar-02 Sand Ghat  of District- Jamui, State-Bihar.",NISHA KUMARI,Pending at PP due to eds,EC,
4,1334,SIA/BR/NCP/92139/2019,,"Environment Clearance for Proposed Type B Staff Quarters at Plot No. H, In Housing Development Gardanibagh at Patna, Bihar",BUILDING CONSTRUCTION DEPARTMENT,Delisted,EC,
5,1335,SIA/BR/MIN/66128/2017,SIA/1(a)/574/18,Sand Mining Project at Khairma Pul Par Sand Ghat on River Kiul,WESTLINK TRADING PRIVATE LIMITED,Delisted,EC,
6,1336,SIA/BR/MIN/444351/2023,SIA/1(a)/2333/2023,"Proposed Sand Mining Project of Area 11 Ha at Darbhanga Sand Cluster/Unit No.- 01, Block-01 & 02 Sand Ghat on Bagmati River of District-Darbhanga, State-Bihar.",AMIT KUMAR,EC Granted,EC,
7,1337,SIA/BR/MIN/66273/2017,,Sand Mining Project at Pipra Sand Ghat on Patro River.,WESTLINK TRADING PRIVATE LIMITED,Delisted,EC,
8,1338,SIA/BR/MIN/31378/2015,SIA/1(a)/16/2015,Clay Mining Project of M/s Rani Int Udyog,RAMASHANKAR YADAV,Delisted,EC,
9,1339,SIA/BR/MIN/31594/2015,SIA/1(a)/35/2015,Brick Clay Mining Project of M/s Balaji  Marka  Bricks,SUNIL KUMAR SINGH,Delisted,EC,
10,1340,SIA/BR/MIN/59836/2016,SIA/1(a)/353/16,"TULSIPUR 1 2 GHAT OF MAHANIRIVER
TEHSIL TETIHA BAMBOR, DISTRICT MUNGER, BIHAR
M.L. AREA 7.45 HA",NM FOOD PRODUCT PVT LTD,EC Granted,EC,
1,1341,SIA/BR/MIN/61866/2017,SIA/1(a)/430/17,"Sand Mining Project at Tulsiyahi Ghat, on Tilawe river Village-Bhatauni, District- Saharsa, Bihar",CHANDAN KUMAR,EC Granted,EC,
2,1342,SIA/BR/MIN/60621/2016,SIA/1(a)/373/16,Proposed Sand Mining Project  of Area 24 Ha  at Tiwari Mahua Ghat on Ganga River  of District- Saran  of State- Bihar,BROADSON COMODITIES PVT LTD,EC Granted,EC,
3,1343,SIA/BR/MIN/445498/2023,SIA/1(a)/2303/2023,Sand Ghat Mining Project (Ulai River Block No.- 09 Sand Ghat) at Riverbed of Ulai River,SATISH KUMAR,EC Granted,EC,
4,1344,SIA/BR/MIN/71322/2017,,"Sand Mining Project at Sirampur-Barawan sand Ghat on Buddh River, Anchal- Sherghati, Dist-Gaya, Bihar",WESTLINK TRADING PRIVATE LIMITED,Delisted,EC,
5,1345,SIA/BR/IND1/431625/2023,SIA/3(a)/2245/2023,"Environment clearance of existing unit of M/S Dina Mahabir Re-rollers Pvt. Ltd Patna  with proposed production capacity 94,500 TPA of TMT bar.",DINA MAHABIR RE ROLLERS PRIVATE LIMITED,EC Granted,EC,
6,1346,SIA/BR/MIN/66045/2017,SIA/1(a)/545/18,"Sand mining project at Maliya Sand Ghat (Block no-10) on Kiul river, Lakhisarai",WESTLINK TRADING PRIVATE LIMITED,Delisted,EC,
7,1347,SIA/BR/INFRA2/411545/2022,Kindly upload the revised form-1/1A/Conceptual pla,"Proposed Residential Building “Aranya P.N.B. Residency” at Godhana, Patna",ARANYA ENGICON PRIVATE LIMITED,EDS Under SEIAA,EC,
8,1348,SIA/BR/IND2/25875/2018,,-1,HARINAGAR SUGAR MILLS LTD,EC Granted,EC,
9,1349,SIA/BR/MIN/59818/2016,,"Balu/ Sand Mining (Minor Mineral); M.L. Area- 3.2 ha, Cat.- B2 at Khapara Ghat of Mahani River in Tehsil: Sangrampur, District- Munger (Bihar).",NM FOOD PRODUCT PVT LTD,TransferToDEIAA,EC,
10,1350,SIA/BR/MIN/65392/2017,SIA/1(a)/519/17,Sand Mining Project at Siinghapur Sand Ghat on Morhar River.,WESTLINK TRADING PRIVATE LIMITED,EC Granted,EC,
1,1351,SIA/BR/MIN/66093/2017,SIA/1(a)/585/18,Sand Mining Project Bihari Sand Ghat on Kiul River.,WESTLINK TRADING PRIVATE LIMITED,Delisted,EC,
2,1352,SIA/BR/MIS/17346/2016,SIA/7(h)/340/16,6 MLD Common Effluent Treatment Plant,BIHAR INDUSTRIAL AREA DEVELOPMENT AUTHORITY,EC Granted,EC,
3,1353,SIA/BR/MIN/450554/2023,SIA/1(a)/2445/2023,Sand Mining Project of Area 13.0 Ha at Sand Block-17 Ghat on Khuri River  of District-Nawada of State-Bihar,SNEHAL ROY,EC Granted,EC,
4,1354,SIA/BR/MIN/59794/2016,SIA/1(a)/351/16,"""MARWA GHAT ON BADHUA RIVER""",NM FOOD PRODUCT PVT LTD,EC Granted,EC,
5,1355,SIA/BR/MIN/64415/2017,SIA/1(a)/478/17,Sand Mining Project at Riula Sand Ghat on Dhadhar River.,WESTLINK TRADING PRIVATE LIMITED,EC Granted,EC,
6,1356,SIA/BR/MIN/444075/2023,SIA/1(a)/2364/2023,"Proposed Sand Mining Project of Area 54.66 Ha at Patna Sone -07 Ghat on Sone River of District-Patna, State-Bihar.",MOR MUKAT MARKETING PRIVATE LIMITED,EC Granted,EC,
7,1357,SIA/BR/MIN/60516/2016,SIA/1(a)/379/16,"Sand Mining Project at Sharwan Dumri on River Falgu, district Jehanabad, Bihar",BANSHIDHAR CONSTRUCTION PVT LTD,EC Granted,EC,
8,1358,SIA/BR/NCP/65336/2017,SIA/8(a)/504/17,"Proposed Residential and Commercial Building “Devendra Green City” at  Opp. Mahindra Commercial Vehicle Showroom, SH-01, Patna-Gaya road, District- Patna., Bihar",MAHENDRA GREEN HOMES PVT LTD,EC Granted,EC,
9,1359,SIA/BR/MIN/64382/2017,SIA/1(a)/482/17,Sand Mining Project at Pachmahla Ghat on Morhar River,WESTLINK TRADING PRIVATE LIMITED,EC Granted,EC,
10,1360,SIA/BR/MIS/29857/2015,SIA/8(a)/61/2015,"Proposed Medical College at Golma, Saharsa, Bihar by Radha Ballabh Medical Foundation Trust.",RADHA BALLABH MEDICAL FOUNDATION TRUST,Delisted,EC,
1,1361,SIA/BR/MIS/29856/2015,SIA/8(a)/61/2015,"Proposed Medical College at Golma, Saharsa, Bihar by Radha Ballabh Medical Foundation Trust.",RADHA BALLABH MEDICAL FOUNDATION TRUST,Delisted,EC,
2,1362,SIA/BR/INFRA2/429806/2023,,"Proposed Residential Cum Commercial Building “Green Meadows” at Mustafapur, Patna, Bihar",YASH RAJ BUILDERS AND PROMOTERS PRIVATE LIMITED,Under examination of SEIAA,EC,
3,1363,SIA/BR/MIN/444794/2023,SIA/1(a)/2365/2023,"Proposed Sand Mining Project of Area 8.46 Ha at Arwal Punpun Kinjar and Mirzapur Cluster 01 on Punpun River of District - Arwal, State-Bihar.",SHASHIBHUSHAN SHARMA,EC Granted,EC,
4,1364,SIA/BR/IND/64983/2017,SIA/3(b)/460/17,Expansion of Existing Cement Grinding Unit From 2.0 MTPA to 4.0 MTPA,M/s. UltraTech Cement Ltd.,EC Granted,EC,
5,1365,SIA/BR/MIN/17977/2015,SIA/1(a)/409/17,"Rajauli (Block 2) Building  Stone Mining Project,Village: Rajauli, Tehsil-Nawada &  District-Nawada, State-Bihar",MS MAHADEV ENCLAVE PVT LTD,EC Granted,EC,
6,1366,SIA/BR/NCP/78299/2018,SIA/8(a)/567/18,Upgradation of A.N. Magadh Medical College & Hospital M/s Central Public Works Department (CPWD),CENTRAL PUBLIC WORKS DEPARTMENT,EC Granted,EC,
7,1367,SIA/BR/MIN/64343/2017,SIA/1(a)/474/17,Sand Mining Project at Baijudham Sand Ghat on Morhar River,WESTLINK TRADING PRIVATE LIMITED,EC Granted,EC,
8,1368,SIA/BR/MIS/66587/2021,21-88/2021-IA-III,Commercial cum Residential Building Project,A.V.S BUILDERS & DEVELOPERS PVT. LTD.,WithdrawEC,EC,
9,1369,SIA/BR/MIN/72054/2018,,"Proposed Stone Mining Project at Village: Barari, District: Shekhpura, State: Bihar",NATRAJ ENGINEERS PVT. LTD,Delisted,EC,
10,1370,SIA/BR/MIN/456625/2023,SIA/1(a)/2465/2023,"Sand Mining Project, Block- 08 (Dariyapur) Sand Ghat of District- Nawada, State-Bihar.",MANOJ MAHARATHI,EC Granted,EC,
1,1371,SIA/BR/IND/30735/2018,SIA/3(a)/603/19,Neelkamal Steels Pvt Ltd,NEELKAMAL STEELS PRIVATE LIMITED,EC Granted,EC,
2,1372,SIA/BR/MIN/59790/2016,SIA/1(a)/358/16,"KALAN RAMPUR OF GANGA RIVER TEHSILMUNGER, DISTRICT MUNGER, BIHAR
ML AREA 7.5 HA",NM FOOD PRODUCT PVT LTD,EC Granted,EC,
3,1373,SIA/BR/IND/18661/2017,,SHIVSHIVA STEEL PVT LTD,SHIVSHIVA STEEL PVT LTD,EC Granted,EC,
4,1374,SIA/BR/NCP/64080/2017,SIA/8(a)/459/17,"Proposed Commercial Project “Delight Mall FO” at Plot No. 49,54,55,56 & 57, Mauza: Jalalpur, Thana-Danapur, District:-Patna,Bihar",MERIDIAN CONSTRUCTION INDIA LIMITED,Delisted,EC,
5,1375,SIA/BR/MIN/64473/2017,SIA/1(a)/496/17,Sand mining Project at Moratal ghat on Mohana river,WESTLINK TRADING PRIVATE LIMITED,EC Granted,EC,
6,1376,SIA/BR/MIN/65413/2017,SIA/1(a)/516/17,Sand Mining Project at Raniganj Sand Ghat on Morhar River.,WESTLINK TRADING PRIVATE LIMITED,EC Granted,EC,
7,1377,SIA/BR/MIN/18871/2015,SIA/1(a)/505/17,"Rajauli (Block 4) Ordinary  Stone Mining Project Village: Rajauli, Tehsil-Nawada &  District-Nawada, State-Bihar",MESSERS KATYAYNI CONTRACTORS PVT LTD,EC Granted,EC,
8,1378,SIA/BR/MIN/31548/2015,SIA/1(a)/25/2015,Brick Clay Mining Project of M/s Shiva Marka Bricks,OTHERS,Delisted,EC,
9,1379,SIA/BR/MIN/441399/2023,SIA/1(a)/2287/2023,"Sand Mining Project, Falgu River (Block No.- 07) Sand Ghat  of District- Gaya, State-Bihar.",RAMIYA CONSTRUCTION PRIVATE LIMITED,EC Granted,EC,
10,1380,SIA/BR/MIN/59816/2016,SIA/1(a)/361/16,"SHARKARPUR OF GANGA RIVER TEHSIL MUNGER, DISTRICT MUNGER, BIHAR
ML AREA 13.6 HA",NM FOOD PRODUCT PVT LTD,EC Granted,EC,
1,1381,SIA/BR/MIN/48821/2016,,"Karamnasa Ghat (239355 TPA), Area 11.82ha, in District- Buxar (Bihar)",MS KATYAYNI CONTRACTORS PVT LTD,Delisted,EC,
2,1382,SIA/BR/MIN/441020/2023,SIA/1(a)/2322/2023,Sand Ghat Mining Project (Badua Unit No.- 03 Sand Ghat) at Riverbed of Badua River,METICULOUS ORGANICS PRIVATE LIMITED,EC Granted,EC,
3,1383,SIA/BR/IND/19027/2016,,Balmukund Concast Ltd. (Expansion Project),BALMUKUND CONCAST LIMITED,Delisted,EC,
4,1384,SIA/BR/MIN/437846/2023,SIA/1(a)/2080/2022,Proposed Sand Mining Project of Area 95 Ha at Bhojpur Ghat 12 on Sone River of District-Bhojpur State-Bihar.,KOCHAS POWER PRIVATE LIMITED,EC Granted,EC,
5,1385,SIA/BR/MIN/449894/2023,SIA/1(a)/2401/2023,Sand Mining Project of Area 13.63 Ha at Madhubani Cluster-4  (  includes 3  sand blocks)  on Kamla River of District- Madhubani of State-Bihar,AJAY JHA,EC Granted,EC,
6,1386,SIA/BR/MIN/437986/2023,SIA/1(a)/2087/2022,Proposed Sand Mining Project of Area 8.98 Ha at Arwal Son  Ghat 05 on Sone River of District-Arwal State-Bihar,RADHARAMAN CONSTRUCTIONS AND MARKETING PRIVATE LIMITED,EC Granted,EC,
7,1387,SIA/BR/MIN/438319/2023,SIA/1(a)/2062/2022,Proposed Sand Mining Project of Area 37 Ha at Bhojpur Ghat 06 on Sone River of District-Bhojpur State-Bihar.,KOCHAS POWER PRIVATE LIMITED,EC Granted,EC,
8,1388,SIA/BR/MIS/60656/2016,SIA/8(a)/408/16,Lotus Adobe (Residential Building Project of Nutan Construction),NUTAN CONSTRUCTION,EC Granted,EC,
9,1389,SIA/BR/MIN/65388/2017,SIA/1(a)/517/17,Sand Mining Project at Palhat Kutia Ghat on Buddh River.,WESTLINK TRADING PRIVATE LIMITED,EC Granted,EC,
10,1390,SIA/BR/MIN/31828/2015,,,BHAIRAV RAI,Delisted,EC,
1,1391,SIA/BR/MIN/443928/2023,SIA/1(a)/2325/2023,Sand Ghat Mining Project (Ulai River Block No.- 02) at Riverbed of Ulai River,KUNDAN KUMAR,EC Granted,EC,
2,1392,SIA/BR/MIN/445798/2023,SIA/1(a)/2382/2023,"Sand Mining Project, Block 24 (Gaya Morhar-11) Sand Ghat of District- Gaya, State-Bihar.",RAJENDRA AND SONS INFRA PRIVATE LIMITED,EC Granted,EC,
3,1393,SIA/BR/MIN/59829/2016,SIA/1(a)/350/16,"THAIBAI (1.8 HA.), KHAUHA (1.3HA.), MANIYA (11.7 HA.)
AND RANADHI (8.3 HA.) GHATS OF BADHUA RIVER
TEHSIL TARAPUR AND SANGRAMPUR
DISTRICT MUNGER, BIHAR
M.L. AREA 23.10 HA.,",NM FOOD PRODUCT PVT LTD,EC Granted,EC,
4,1394,SIA/BR/MIN/66184/2017,,Sand Mining Project at Simariya Sand Ghat on Barnar River,WESTLINK TRADING PRIVATE LIMITED,Delisted,EC,
5,1395,SIA/BR/MIN/66264/2017,SIA/1(a)/579/18,Sand mining Project at parsa sand ghat on river Kiul,WESTLINK TRADING PRIVATE LIMITED,Delisted,EC,
6,1396,SIA/BR/MIN/444059/2023,SIA/1(a)/2320/2023,"Sand Mining Project, Falgu River (Block No.- 10) Sand Ghat  of District- Gaya, State-Bihar.",M/S LETZ BUILD ENGKON,Rejection Letter Granted,EC,
7,1397,SIA/BR/MIN/66120/2017,SIA/1(a)/581/18,Sand Mining Project at Kendih Sand Ghat on Kiul River.,WESTLINK TRADING PRIVATE LIMITED,Delisted,EC,
8,1398,SIA/BR/IND1/447146/2023,,Sri SAI INDUSTRIES,LAXMI PRASAD,Pending at PP due to eds,EC,
9,1399,SIA/BR/INFRA2/411282/2022,SIA/8(a)/2295/2023,"Construction of New Campus of Rajkiya Tibbi College & Hospital Kadamkauna at NMCH Campus, Agamkauna Patna.",BIHAR MEDICAL SERVICES AND INFRASTRUCTURE CORPORATION LIMITED,Delisted,EC,
10,1400,SIA/BR/MIN/444062/2023,SIA/1(a)/2373/2023,"Sand Mining Project, Patna Sone 04 Sand Ghat of District- Patna , State-Bihar.",EKLAVAYA STONE AND MINES PRIVATE LIMITED,EC Granted,EC,
1,1401,SIA/BR/MIN/34462/2019,,Dhavhi Balu Ghat on Sonvarsa Mann River,VINAY  KUMAR,Pending at PP due to eds,EC,
2,1402,SIA/BR/MIN/34694/2019,,Proposed Sand Mining Project of area 4.20 ha at Mohanpur Ghat  on Gandak River of District- Begusarai of State-Bihar,RADHA SWAMI AUTOMOBILES,Pending at PP due to eds,EC,
3,1403,SIA/BR/MIS/168496/2020,,Upgradation of Regional Institute of Ophthalmology (RIO) under Pradhan Mantri Swasthaya Suraksha Yojana (PMSSY) Phase- V (B) at IGIMS,INDIRA GANDHI INSTITUTE OF MEDICAL SCIENCES,Delisted,EC,
4,1404,SIA/BR/MIS/169085/2020,SIA/7(g)/1281/2021,"Passenger Ropeway at  Dungeshwari, Bodhgaya District. Gaya, Bihar.",DEPARTMENT OF TOURISM GOVT OF BIHAR,EC Granted,EC,
5,1405,SIA/BR/MIS/137282/2020,SIA/8(a)/988/2020,SILVER OAK (Project of M/s JG Construction),JG CONSTRUCTION (UNIT OF MV REALCON PVT. LTD.),EC Granted,EC,
6,1406,SIA/BR/MIN/137549/2020,,BRICK EARTH MINING PROJECT EARTH FOR M/S ABBAS BRICK COMPANY MAUZA NECHUA KHAS KUCHAIKOT GOPALGANJ AREA 2.50 Ac 1.01 Ha,M/S ABBAS BRICKS COMPANY PROP ABBAS ALI ANSARI,Delisted,EC,
7,1407,SIA/BR/MIN/32207/2019,SIA/1(a)/537/18,"Barui Pachna & Pachna Stone Mine   (ML Area– 6.88 Ha.) Production capacity of 14,07,224 TPA",PRINCECONSJAMUI,EC Granted,EC,
8,1408,SIA/BR/MIN/153240/2020,,m/s komal int udyog,M/S KOMAL INT UDYOG,Delisted,EC,
9,1409,SIA/BR/MIN/41334/2019,SIA/1(a)/558/18,Garsanda Sand Ghat,WESTLINK TRADING PRIVATE LIMITED,EC Granted,EC,
10,1410,SIA/BR/MIN/17387/2015,SIA/1(a)/349/16,Proposed Sand Mining Project of Area 5.0 Ha at Jagiritola Malahi  Ghat on Gandak River of District-Gopalganj of State-Bihar.,KATYAYNI CONTRACTORS PRIVATE LIMITED,EC Granted,EC,
1,1411,SIA/BR/MIN/17387/2015,SIA/1(a)/349/16,Proposed Sand Mining Project of Area 5.0 Ha at Jagiritola Malahi  Ghat on Gandak River of District-Gopalganj of State-Bihar.,KATYAYNI CONTRACTORS PRIVATE LIMITED,EC Granted,EC,
2,1412,SIA/BR/IND2/25643/2018,SIA/6(b)/533/18,-1,Bharat Petroleum Corporation Ltd.,EC Granted,EC,
3,1413,SIA/BR/MIN/71318/2017,,"Sand Mining Project at Nakti- Mahugain Sand Ghat, on Dhadhar river anchal- Fatehpur, Dist-Gaya, Bihar",WESTLINK TRADING PRIVATE LIMITED,Delisted,EC,
4,1414,SIA/BR/MIN/66268/2017,SIA/1(A)/563/18,Sand Mining Project at Smarak Sand Ghat on River Kiul,WESTLINK TRADING PRIVATE LIMITED,Delisted,EC,
5,1415,SIA/BR/MIN/442426/2023,SIA/1(a)/2090/2022,Proposed Sand Mining Project of Area 39.5 Ha at Bhojpur Ghat 40 on Sone River of District-Bhojpur State-Bihar.,BIMAL KUMAR,EC Granted,EC,
6,1416,SIA/BR/MIN/453222/2023,SIA/1(a)/2385/2023,Sand Ghat Mining Project (Ulai River Block No. -03) at Riverbed of Ulai River,RATAN COAL SUPPLIERS PRIVATE LIMITED,EC Granted,EC,
7,1417,SIA/BR/MIN/31628/2015,SIA/1(a)/43/2015,BRICK CLAY MINING PROJECT- PRASAD INT UDYOG,PRASAD INTUDYOG,Delisted,EC,
8,1418,SIA/BR/MIN/17509/2016,SIA/1(a)/348/16,-1,MAHADEV ENCLAVE PVT LTD,EC Granted,EC,
9,1419,SIA/BR/MIN/31480/2015,SIA/1(a)/20/2015,Raj Bricks,RAJ BRICKS,Delisted,EC,
10,1420,SIA/BR/MIN/71859/2017,SIA/1(a)/525/18,stone mining including crusher at sheikhpura bihar,SBIDPL,Delisted,EC,
1,1421,SIA/BR/MIS/146832/2020,SIA/8(a)/993/2020,RD Heights,M/S R.D. ECO DEVELOPERS PVT. LTD,EC Granted,EC,
2,1422,SIA/BR/MIN/41913/2019,,Proposed Sand Mining Project of Area 1.40 Ha at Rampurwa- Banjaria Ghat on Gandak River of District-Gopalganj of State-Bihar,MR KAMAKHYA MISHRA,Pending at PP due to eds,EC,
3,1423,SIA/BR/MIS/116429/2019,,"Proposed Residential Building “Geetanjali Vatika Green City Phase- 3” at Plot No.- 06, 30, Mauza - Ilahibagh, Thana- Gopalpur, District- Patna, Bihar",GEETANJALI VATIKA PRIVATE LIMITED,Delisted,EC,
4,1424,SIA/BR/MIS/168496/2020,,Upgradation of Regional Institute of Ophthalmology (RIO) under Pradhan Mantri Swasthaya Suraksha Yojana (PMSSY) Phase- V (B) at IGIMS,INDIRA GANDHI INSTITUTE OF MEDICAL SCIENCES,Delisted,EC,
5,1425,SIA/BR/MIS/169085/2020,SIA/7(g)/1281/2021,"Passenger Ropeway at  Dungeshwari, Bodhgaya District. Gaya, Bihar.",DEPARTMENT OF TOURISM GOVT OF BIHAR,EC Granted,EC,
6,1426,SIA/BR/MIN/33741/2019,,Pipra Balu Ghat,VINAY  KUMAR,Pending at PP due to eds,EC,
7,1427,SIA/BR/MIN/33647/2019,,Sangrampur Sand Ghat on Belharni River,KATYAYNI CONTRACTORS PVT. LTD.,Pending at PP due to eds,EC,
8,1428,SIA/BR/MIN/33988/2019,,Proposed Sand Mining Project of area 3.0 ha at Rahicha Kabirpur  Ghat on Sakari River of District- Sheikhpura of State-Bihar.,MS KATYAYNI CONTRACTORS PRIVATE LIMITED,Pending at PP due to eds,EC,
9,1429,SIA/BR/MIN/131323/2019,,"Makardahi M/S –Prince Bricks Earth Mining Project,Mauza-Makardahi,ThanaNo. 559,KhataNo.-9& 110,PlotNo.-418 & 419,For Production Capacity –7132.86TPA,Area 3.78Ac(1.53 Ha), P.S.+Circle Barauni,District­",M/S PRINCE BRICKS RAJESH KUMAR SINGH,Delisted,EC,
10,1430,SIA/BR/MIN/128868/2019,,"Proposed Brick Earth Mining Project of Area 3.28 Acres or 1.33 Hectare M/s Kindo Infra Pvt. Ltd. at Mauza- Pearpura, P.O- Nagla Kinjar, P.S- Khiri More, Block- Paliganj, District- Patna, State- Bihar",M/S KINDO INFRA PVT. LTD,Delisted,EC,
1,1431,SIA/BR/MIN/31513/2019,SIA/1(a)/633/19,"Sand mining project at Bindaul ghat on Son river over an area of 24.8 ha in district Patna, Bihar",BROADSON COMODITIES PVT LTD,EC Granted,EC,
2,1432,SIA/BR/MIN/34641/2019,,Hasuaha Ghat on Burhi Gandak River,VINAY  KUMAR,Pending at PP due to eds,EC,
3,1433,SIA/BR/MIN/33741/2019,,Pipra Balu Ghat,VINAY  KUMAR,Pending at PP due to eds,EC,
4,1434,SIA/BR/MIN/31474/2019,SIA/1(a)/634/19,"Sand mining project at Bindaul ghat 1 on Son river over an area of 24.9 ha in district Patna, Bihar",BROADSON COMODITIES PVT LTD,EC Granted,EC,
5,1435,SIA/BR/MIN/141689/2020,,"Proposed Brick Earth Mining Project of Area 3.64 Acres or 1.47 Hectare for M/S  R.V.I Bricks at Vill/ Mauza: Muni Ketsa, P.O- Muni Baikari, P.S- Piyar, Block- Bandra,   District-  Muzaffarpur, State -",M/S R.V.I BRICKS,Delisted,EC,
6,1436,SIA/BR/MIN/167372/2020,,ORDINARY CLAY MINING PROJECT FOR BSCPL INFRASTRUCTURE LTD MAUZA SHANKARPUR,BSCPL INFRASTRUCTURE LTD MAUZA SHANKARPUR AREA 8.36,Delisted,EC,
7,1437,SIA/BR/MIN/135895/2020,,"BRICK EARTH MINING PROJECT FOR M/S. GOLD INT UDYOG MAUZA BHAGAWATIPUR, BARAULI, GOPALGANJ, AREA 2.70 Ac, 1.09 Ha","M/S. GOLD INT UDYOG, PROP-FAJAL AHMAD",Delisted,EC,
8,1438,SIA/BR/MIN/132103/2019,,"Brick Earth Mining Project at Village- Daulatpur, P.O- Daulatpur, P.S- Khodabandpur, District- Begusarai (Bihar)",M/S- PRAMILA INT UDYOG,Delisted,EC,
9,1439,SIA/BR/MIN/132132/2019,,"Proposed Brick Earth Mining Project of Area 1.06 Hectare Or 2.62 Acre M/s. W.S.S Bricks at Mauza- Murila, P.S + Block- Ramnagar, District- West Champaran, State- Bihar",M/S. W.S.S BRICKS,Delisted,EC,
10,1440,SIA/BR/MIN/132309/2019,,"Brick Earth Mining Project of Area 4.50 Acres or 1.82 Hectare M/S OM Traders & Int Udyog at Mauza- Garurha, P.O- Narkatiyaganj, P.S – Shikarpur, Block- Narkatiyaganj, District- West Champaran, State -",M/S OM TRADERS & INT UDYOG,Delisted,EC,
1,1441,SIA/BR/MIN/134328/2019,,ASTHA  GOLD BRICKS,M/S ASTHA  GOLD BRICKS,Delisted,EC,
2,1442,SIA/BR/MIN/134917/2020,,"Proposed Brick Earth Mining Project of Area 4.06 Acres or 1.64 Hectare for M/s Pihu Bricks at Mauza + P.O- Chaura, P.S: Daniawan, Block- Khushurupur, District- Patna, State- Bihar.",M/S PIHU BRICKS,Delisted,EC,
3,1443,SIA/BR/MIN/134992/2020,,"BRICK EARTH MINING PROJECT FOR M/S. BHAWAN INT UDYOG, MAUZA- CHHATI, CIRCLE- DHANARUA, DISTRICT- PATNA, AREA- 2.54 Ac, 1.03 Ha",BHAWAN INT UDYOG  CHHATI,Delisted,EC,
4,1444,SIA/BR/MIN/140949/2020,,ORDINARY CLAY MINING PROJECT FOR BSCPL INFRASTRUCTURE LTD,BSCPL INFRASTRUCTURE LTD MAUZA RANNA AREA 12.34 AC,Delisted,EC,
5,1445,SIA/BR/MIN/31513/2019,SIA/1(a)/633/19,"Sand mining project at Bindaul ghat on Son river over an area of 24.8 ha in district Patna, Bihar",BROADSON COMODITIES PVT LTD,EC Granted,EC,
6,1446,SIA/BR/MIS/197832/2021,SIA/8(a)/1273/2021,Proposed VIRAAT RAMAYANA MANDIR at East Champaran (Bihar),SRI  MAHAVIR  STHAN  NYAS  SAMITY,EC Granted,EC,
7,1447,SIA/BR/MIS/137282/2020,SIA/8(a)/988/2020,SILVER OAK (Project of M/s JG Construction),JG CONSTRUCTION (UNIT OF MV REALCON PVT. LTD.),EC Granted,EC,
8,1448,SIA/BR/MIN/137549/2020,,BRICK EARTH MINING PROJECT EARTH FOR M/S ABBAS BRICK COMPANY MAUZA NECHUA KHAS KUCHAIKOT GOPALGANJ AREA 2.50 Ac 1.01 Ha,M/S ABBAS BRICKS COMPANY PROP ABBAS ALI ANSARI,Delisted,EC,
9,1449,SIA/BR/MIN/32207/2019,SIA/1(a)/537/18,"Barui Pachna & Pachna Stone Mine   (ML Area– 6.88 Ha.) Production capacity of 14,07,224 TPA",PRINCECONSJAMUI,EC Granted,EC,
10,1450,SIA/BR/IND/73390/2021,SIA/3(a)/1849/2021,M/s Tejas Iron & Steel Pvt. Ltd.,M/S TEJAS IRON & STEEL PVT. LTD.,EC Granted,EC,
1,1451,SIA/BR/MIN/134992/2020,,"BRICK EARTH MINING PROJECT FOR M/S. BHAWAN INT UDYOG, MAUZA- CHHATI, CIRCLE- DHANARUA, DISTRICT- PATNA, AREA- 2.54 Ac, 1.03 Ha",BHAWAN INT UDYOG  CHHATI,Delisted,EC,
2,1452,SIA/BR/MIN/31240/2015,SIA/1(a)/07/2015,Brick Clay Mining Project-Das Int Udyog-B2,DAS INT UDYOG,Delisted,EC,
3,1453,SIA/BR/MIN/64503/2017,SIA/1(a)/469/17,Sand mining project at Nigri ghat on Lilajan river,WESTLINK TRADING PRIVATE LIMITED,EC Granted,EC,
4,1454,SIA/BR/INFRA2/447629/2023,SIA/8(a)/2485/2023,Thakur Singh Suncity Complex (Residential Building Project of Bhuswami Buildcon Pvt. Ltd.),BHUSWAMI BUILDCON PRIVATE LIMITED,Deferred by SEAC,EC,
5,1455,SIA/BR/MIN/66177/2017,,Sand Mining Project at Jalkariya Sand Ghat on Barnar River,WESTLINK TRADING PRIVATE LIMITED,Delisted,EC,
6,1456,SIA/BR/MIN/59837/2016,,Balu/Sand Mining at Choti Khoru of Mahani river Tehsil Tetiha Bambor District Munger Bihar Leasr Area 2.8 ha,NM FOOD PRODUCT PVT LTD,TransferToDEIAA,EC,
7,1457,SIA/BR/MIN/69944/2017,,"Proposed Sand Mining Project at Usewa Sand Ghat, Morhar River",WESTLINK TRADING PRIVATE LIMITED,Delisted,EC,
8,1458,SIA/BR/RIV/26099/2016,SIA/1(c)/428/17,"""KUNDAGHAT RESERVOTR scHEME"", District- Jamui, Village:- Sikandra, Tehsil:- Sikandra, District:- Jamui",WATER RESOURCE DEPARTMENT GOVERNMENT OF BIHAR,EC Granted,EC,
9,1459,SIA/BR/MIN/453158/2023,SIA/1(a)/2372/2023,Sand Ghat Mining Project (Ulai River Block No. -08 Sand Ghat) at Ulai River bed,NAVEEN KUMAR,EC Granted,EC,
10,1460,SIA/BR/MIN/440416/2023,SIA/1(a)/2257/2023,"Proposed Sand Mining Project of Area  28.70 Ha at Rohtas Sone  Ghat 02 on Sone River of District-Rohtas, State-Bihar.",AARUNYA CONSTRUCTION & SUPPLY SERVICES PRIVATE LIMITED,EC Granted,EC,
1,1461,SIA/BR/MIS/62631/2017,SIA/8(a)/447/17,AAKRITI’S THE NEST Residential Building Project by M/s Aakriti Buildcon Pvt Ltd,AAKRITI BUILDCON PVT LTD,EC Granted,EC,
2,1462,SIA/BR/MIN/441034/2023,SIA/1(a)/2256/2023,Patna Sone 10 Sand ghat,SANJAY KUMAR,EC Granted,EC,
3,1463,SIA/BR/MIN/48919/2016,,"River Sand (Minor Mineral) Mining Project for Manhatha Ghat (157140 TPA), Area 7.76 ha, 
in District- Buxar (Bihar)",MS KATYAYNI CONTRACTORS PVT LTD,Delisted,EC,
4,1464,SIA/BR/MIS/17344/2016,SIA/7(h)/339/16,2 MLD Common Effluent Treatment Plant,BIHAR INDUSTRIAL AREA DEVELOPMENT AUTHORITY,EC Granted,EC,
5,1465,SIA/BR/MIN/71451/2017,,"Stone Mining Project at Mauja- Pachar, Anchal- Rafiganj, District-Aurangabad (Bihar)",K.P.S. STRUCTURE MAKERS PVT. LTD,Delisted,EC,
6,1466,SIA/BR/MIN/66109/2017,SIA/1(a)/592/18,Sand mining Project at Bhour Sand ghat on River Kiul,WESTLINK TRADING PRIVATE LIMITED,Delisted,EC,
7,1467,SIA/BR/MIN/442628/2023,SIA/1(a)/2086/2022,Proposed Sand Mining Project of Area  33.70 Ha at Rohtas Sone  Ghat 14 on Sone River of District-Rohtas State-Bihar.,RUDRA MINING LLP,EC Granted,EC,
8,1468,SIA/BR/MIN/66261/2017,SIA/1(a)/573/18,Sand Mining Project at Manjhway sand ghat on River Kiul,WESTLINK TRADING PRIVATE LIMITED,Delisted,EC,
9,1469,SIA/BR/MIN/59811/2016,SIA/1(a)/356/16,"KALISHAN FULKIA OF GANGA RIVER TEHSIL BARIARPUR, DISTRICT MUNGER, BIHAR
ML AREA 6.6 HA.",NM FOOD PRODUCT PVT LTD,Delisted,EC,
10,1470,SIA/BR/NCP/65555/2017,SIA/8(a)/521/17,"Proposed Multi Storeyed Staff Quarters For Patna High Court at Adalatganj, Buddh Marg, Patna",BIHAR STATE BUILDING CONSTRUCTION CORPORATION LTD.,EC Granted,EC,
1,1471,SIA/BR/INFRA2/415351/2023,SIA/8(a)/2286/2023,Dular Enclave (Residential Building Project by M/s Sita Construction Pvt. Ltd.),SHISHIR KUMAR,EC Granted,EC,
2,1472,SIA/BR/MIN/446592/2023,SIA/1(a)/2302/2023,"Sand Mining Project of  Area  8.95 Ha  at  Sand block-06, Ghenghta  telpa (Block-6) sand Ghat on Ganga River of District-Saran of State-Bihar",SAHEB RAI,EC Granted,EC,
3,1473,SIA/BR/INFRA2/400470/2022,SIA/8(a)/2073/2022,PROPOSED RESIDENTIAL PROJECT “VEENA VATIKA”,KKT CONSTRUCTIONS PRIVATE LIMITED,EC Granted,EC,
4,1474,SIA/BR/MIN/60635/2016,SIA/1(a)/377/16,"Sand mining Ghat, New Haripur Ghat",BROADSON COMODITIES PVT LTD,EC Granted,EC,
5,1475,SIA/BR/MIN/451107/2023,SIA/1(a)/2450/2023,"Sand Mining Project, Jamui Sukhnar Cluster- 01 Sand Ghat of District- Jamui, State-Bihar.",SUBHASH SHARMA,EC Granted,EC,
6,1476,SIA/BR/IND1/416484/2023,SIA/3(a)/2299(EXP)/2023,Balmukund Concast Private Limited (Formerly Balmukund Concast Limited),BALMUKUND CONCAST LIMITED,EC Granted,EC,
7,1477,SIA/BR/MIN/64483/2017,SIA/1(a)/476/17,Sand mining Project at Bankey bazar ghat on Morhar river,WESTLINK TRADING PRIVATE LIMITED,EC Granted,EC,
8,1478,SIA/BR/MIS/83570/2018,SIA/8(a)/602/18,"SAI ENCLAVE
(A Project of Sri Anuanand Construction Pvt Ltd)",SRI ANU ANAND CONSTRUCTION PVT. LTD,Awaiting EC,EC,
9,1479,SIA/BR/MIN/70064/2017,,Proposed Sand Mining Project at Hasanpur Sand Ghat on Morhar River,WESTLINK TRADING PRIVATE LIMITED,Delisted,EC,
10,1480,SIA/BR/MIN/446816/2023,SIA/1(a)/2301/2023,"Sand Mining Project of Area 15.0 Ha at Sand block-07, Doriganj sand  Ghat on Ganga River of District-Saran of State-Bihar",SAHEB RAI,EC Granted,EC,
1,1481,SIA/BR/MIN/75052/2018,SIA/1(a)/531/18,"Stone Mining Project  at Mauja-  Pachar, Anchal- Rafiganj, District-Aurangabad (Bihar)",K.P.S. STRUCTURE MAKERS PVT. LTD,EC Granted,EC,
2,1482,SIA/BR/MIN/66262/2017,SIA/1(A)561/18,Sand Mining Project at Sono Sand Ghat on Barnar River.,WESTLINK TRADING PRIVATE LIMITED,Delisted,EC,
3,1483,SIA/BR/MIN/60661/2016,SIA/1(a)/397/16,Sand Mining Project at Haripur & Sadashivpur Ghat on River Son,BROADSON COMODITIES PVT LTD,EC Granted,EC,
4,1484,SIA/BR/MIN/64379/2017,SIA/1(a)/483/17,Sand Mining Project at Kukiyasin Sand Ghat on Falgu River,WESTLINK TRADING PRIVATE LIMITED,EC Granted,EC,
5,1485,SIA/BR/MIN/64348/2017,SIA/1(a)/490/17,Sand Mining Project at Maranchi Sand Ghat on Buddh River,WESTLINK TRADING PRIVATE LIMITED,EC Granted,EC,
6,1486,SIA/BR/MIN/64376/2017,SIA/1(a)/468/17,Sand Mining Project at Hardavan Ghat on Lilajan River,WESTLINK TRADING PRIVATE LIMITED,EC Granted,EC,
7,1487,SIA/BR/MIN/17653/2015,SIA/1(a)/413/17,197/2015,V K ROADLINES PVT LTD,EC Granted,EC,
8,1488,SIA/BR/MIN/444603/2023,SIA/1(a)/2326/2023,"Sand Ghat Mining Project (Ulai River Block No. -04 Sand Ghat) of  District- Jamui, State- Bihar.",MANISH KUMAR,EC Granted,EC,
9,1489,SIA/BR/MIN/440791/2023,SIA/1(a)/2264/2023,Proposed Sand Mining Project of Area 5.7 Ha at Kudra Stretch 01 (Block 01 to 08) on Kudra River of District-Kaimur (Bhabhua) State-Bihar.,RISHAV SINGH,EC Granted,EC,
10,1490,SIA/BR/MIN/31380/2015,SIA/1(a)/15/2015,Kajal Int Udyog,NARESH PRASAD SINGH,Delisted,EC,
1,1491,SIA/BR/IND/64983/2017,SIA/3(b)/460/17,Expansion of Existing Cement Grinding Unit From 2.0 MTPA to 4.0 MTPA,M/s. UltraTech Cement Ltd.,EC Granted,EC,
2,1492,SIA/BR/NCP/78299/2018,SIA/8(a)/567/18,Upgradation of A.N. Magadh Medical College & Hospital M/s Central Public Works Department (CPWD),CENTRAL PUBLIC WORKS DEPARTMENT,EC Granted,EC,
3,1493,SIA/BR/MIN/64343/2017,SIA/1(a)/474/17,Sand Mining Project at Baijudham Sand Ghat on Morhar River,WESTLINK TRADING PRIVATE LIMITED,EC Granted,EC,
4,1494,SIA/BR/MIS/66587/2021,21-88/2021-IA-III,Commercial cum Residential Building Project,A.V.S BUILDERS & DEVELOPERS PVT. LTD.,WithdrawEC,EC,
5,1495,SIA/BR/MIN/72054/2018,,"Proposed Stone Mining Project at Village: Barari, District: Shekhpura, State: Bihar",NATRAJ ENGINEERS PVT. LTD,Delisted,EC,
6,1496,SIA/UP/IND/292080/2022,No Increase Pollution Load,Messrs. Patliputra Cement Works,M/s. UltraTech Cement Ltd.,,NIPL,
7,1497,IA/BR/IND/67762/2017,No Increase Pollution Load,JMD Alloys Ltd,JMD ALLOYS LTD,,NIPL,
8,1498,SIA/BR/IND/25215/2018,No Increase Pollution Load,Magadh Industries Pvt. Ltd.,MAGADH INDUSTRIES PVT LTD,,NIPL,
9,1499,SIA/BR/IND/18806/2017,No Increase Pollution Load,J G Foundry Ltd.,J G FOUNDRY LTD,,NIPL,
10,1500,SIA/BR/IND/25215/2018,No Increase Pollution Load,Ms Magadh Industries Pvt. Ltd.,MAGADH INDUSTRIES PVT LTD,,NIPL,
